0
0
0
0
0
0
0
0
0
0
0
0
0
0
0
0
0
0
0
0
0
0
0
0
0
0
0
0
0
0
0
0
0
0
0
0
0
0
0
0
0
0
0
0
0
0
0
0
0
0
0
0
0
0
0
0
0
0
0
0
0
0
0
0
0
0
0
0
0
0
0
0
0
0
0
0
0
0
0
0
0
0
0
0
0
0
0
0
0
0
0
0
0
0
0
0
0
0
0
0
0
0
0
0
0
0
0
0
0
0
0
0
0
0
0
0
0
0
0
0
0
0
0
0
0
0
0
0
0
0
0
0
0
0
0
0
0
0
0
0
0
0
32.595411757
35.9269105431
17.038386482
93.1075422545
19.3072138453
11.3601775188
8.02261619096
4.20096795441
7.61542706757
9.61471356371
7.04956059008
3.76390491702
5.97984694457
8.15770508615
16.5556630287
13.876989923
9.9550703965
6.02936296138
9.38273975986
6.39182473837
9.13471578349
8.34264111527
6.03893689717
9.11133922205
5.58779602791
7.06279884905
7.6041476336
10.7320819279
10.5971071253
9.48440979893
7.87362835727
9.66281164846
5.49752441906
7.72234331328
6.25223989878
9.96849101265
12.5807290469
8.93095510959
10.9607974601
9.5206332291
11.1182310212
10.1401426531
10.0680695387
8.47652012447
9.01576517394
9.68536007621
8.82467312111
9.15922695907
7.79610236678
8.95011241445
9.19857111908
8.14511302477
7.15609136885
10.1500550326
10.1549564397
9.57658816763
7.65017146412
9.10654536937
9.58492354209
9.14955153251
7.97813387404
7.53397781108
9.10739770901
6.00549432089
10.7418445614
8.3249439082
7.52411649252
7.54871181663
7.18168794314
8.40868172797
8.1871832003
9.62998752505
8.77758203682
9.08811121647
8.07297962863
8.5249823526
8.10929269466
9.13532567212
10.4386459396
10.7267685713
11.1019998143
10.2883706039
7.66063612284
10.2000696489
9.05300200558
7.09616092149
6.64323116684
6.43121424777
9.48785336965
7.79742522559
8.27189028134
8.29077220832
9.24576598633
11.4536856449
11.3950677921
12.7742182617
11.396860559
9.4123417488
10.758030259
9.26117216527
10.5678968476
1.24145061084
12.2392513809
10.7140938712
9.12510200065
0
0
0
