0
0
0
0
0
0
0
0
0
0
0
0
0
0
0
0
0
0
0
0
0
0
0
0
0
0
0
0
0
0
0
0
0
0
0
0
0
0
0
0
0
0
0
0
0
0
0
0
0
0
0
0
0
0
0
0
0
0
0
0
0
0
0
0
0
0
0
0
0
0
0
0
0
0
0
0
0
0
0
0
0
0
0
0
0
0
0
0
0
0
0
0
0
0
0
0
0
0
0
0
0
0
0
0
0
0
0
0
0
0
0
0
0
0
0
0
0
0
0
0
0
0
0
0
0
0
0
0
0
0
0
0
0
0
0
0
0
0
1
10
46
382
419
757
661
3698
2338
1808
1440
831
1314
1628
1295
745
1034
1324
2460
2462
2063
1397
2028
1511
2039
1958
1511
2130
1409
1647
1729
2344
2473
2368
2081
2507
1587
2067
1722
2533
3243
2602
3187
2964
3507
3417
3524
3148
3352
3649
3457
3615
3188
3574
3712
3389
3015
4051
4207
4146
3478
4020
4280
4208
3785
3575
4181
2931
4720
3918
3578
3545
3346
3779
3701
4278
4044
4218
3859
4024
3863
4293
4912
5220
5598
5472
4333
5512
5108
4141
3808
3585
4896
4184
4357
4350
4778
5885
6156
7170
6955
6156
7053
6377
7247
1114
7346
6913
6164
0
0
0
