0
0
0
0
0
0
0
0
0
0
0
0
0
0
0
0
0
0
0
0
4.25816154163
3.5989557725
4.17705012771
5.61617170106
7.13113214263
5.69882544287
5.94848775428
6.60358864595
5.37897392424
5.26523842929
5.17870278204
4.71322934795
4.96311228564
4.54735706216
5.71588267621
3.79931169898
4.90115589859
5.62156798914
6.53078386847
6.27285880283
6.73546863717
6.09742785137
6.8140651243
7.75667408845
10.3764637894
7.17133120581
6.11978042006
5.56670173232
6.84730297134
4.12559434459
3.82556261433
2.73783579881
3.2417050513
4.56681520679
5.80458427579
6.34969400728
14.986774226
15.2723089069
12.3948917567
10.1472738695
11.8042009766
8.57510290744
7.94180168031
8.16074456114
6.97903207641
5.27951748071
7.94919557509
7.74933117656
8.5414871862
9.73435299593
11.1419446187
6.86974089236
6.68167235495
8.0613659762
8.61861679742
1.21940003866
5.02078277727
9.45251726639
7.86342111409
8.69912972934
3.55397749974
3.8343269996
6.93651999893
7.72050242753
11.0866427861
7.54258715502
8.60145094587
6.76935044616
10.0269851706
7.72962432065
7.49132828657
8.55053988915
10.2014751986
12.1012143642
8.51227399897
4.66272360185
5.22066442718
6.88090638001
6.28991882152
6.95441933815
6.8771144372
5.83688236003
6.15287263714
4.59454039532
6.74549289662
10.0643031476
8.52291427783
7.08314812711
7.94107734605
7.63295226857
4.60818023637
6.00897606331
9.0713574063
7.99530693778
5.16378366459
5.35722468825
5.54560233719
5.7077881446
6.08740222687
6.3506966399
6.66321781876
8.73411750565
6.62138815696
8.41757070693
7.76676625619
8.44023036306
5.12788670287
6.60689152018
6.47923544388
7.46473319901
6.88188712392
6.6714457528
3.83803451683
5.52723852991
5.59991602136
6.41094856402
5.72420715869
7.26816485631
6.06604533421
6.28487650744
7.33983277086
6.2789990324
5.88508372953
6.91464746229
6.86403326396
5.92764614017
6.523181979
6.9193055419
5.45082429285
9.06673686975
8.23789410553
6.6600557644
6.15578984408
7.26953048479
6.70371850387
6.34157667299
6.49873545858
7.64833172826
7.32094254527
8.95460982811
8.68185529575
6.74879463007
7.27675907816
8.5608972178
8.38658712978
10.6832016759
9.57007774559
5.43814732668
11.4009316409
7.48561563538
6.07869365388
10.6220249396
7.28268592902
6.62728599011
7.22661002778
6.14198557617
6.28322201652
11.1836356947
6.37495608242
6.88728139875
8.60900094124
6.2327610971
6.92800038169
7.76219001906
4.80048476722
5.01101869268
5.78160699776
0.86816133159
0.199886320851
1.80353931601
1.57225526035
1.05405726839
1.89103033327
2.33732499824
0.817278139479
0.691176908164
0
0.764547824651
0
0
0
0
0
0
0
0
0
0
0
0
0
0
0
0
0
0
0
0
0
0
0
0
0
0
0
0
0
0
0
0
0
0
0
0
0
0
0
0
0
0
0
0
0
0
0
0
0
0
0
0
