145
136
244
213
211
199
163
257
181
228
277
273
291
299
269
239
311
237
244
243
202
170
184
228
280
241
252
279
241
237
233
214
220
202
239
170
202
223
254
252
273
259
290
335
453
365
330
307
364
242
218
157
168
211
252
272
580
715
721
690
858
728
716
759
687
544
754
756
839
974
1165
831
815
962
1051
204
605
1014
913
1020
487
482
757
838
1175
914
1055
891
1254
1062
1048
1191
1440
1780
1430
862
908
1113
1024
1097
1082
938
962
733
971
1371
1267
1115
1239
1220
796
956
1347
1254
869
860
855
851
877
894
921
1166
952
1166
1123
1234
822
987
965
1081
1016
990
608
778
761
834
749
906
784
799
907
803
751
854
852
752
801
842
686
1040
1000
853
793
908
855
814
825
947
927
1120
1135
942
1004
1169
1186
1510
1473
943
1745
1308
1094
1744
1336
1233
1314
1140
1137
1854
1222
1283
1552
1203
1293
1425
948
939
1019
195
51
267
213
136
194
209
80
62
9
52
39
16
13
16
9
11
10
6
24
16
12
17
17
9
5
6
5
4
7
6
4
5
5
3
2
3
3
2
4
2
2
1
3
2
2
1
0
2
3
0
1
0
0
0
1
1
0
2
0
0
0
0
