0
0
0
0
0
0
0
0
0
0
0
0
0
0
0
0
0
0
0
0
0
0
0
0
0
0
0
0
0
0
0
0
0
0
0
0
0
0
0
0
0
0
0
0
0
0
0
0
0
0
0
0
0
0
0
0
0
0
0
0
0
0
0
0
0
0
0
0
0
0
0
0
0
0
0
0
0
0
0
0
0
0
0
0
0
0
0
0
0
0
0
0
0
0
0
0
0
0
0
0
0
0
0
0
0
0
0
0
0
0
0
0
0
0
0
0
0
0
0
0
0
0
0
0
0
0
0
0
0
0
0
0
0
0
0
0
0
0
0
0
0
0
0
0
0
0
0
0
0
0
0
0
0
0
0
0
0
0
0
0
0
0
0
0
0
0
0
0
0
0
0
0
0
0
0
0
0
0
0
0
0
0
0
0
0
0
0
0
0
0
0
32.3335954255
23.0451956158
16.4744103763
13.6839477983
10.210336826
10.5834342047
8.38478052172
9.06833314262
10.315652523
9.6742390345
7.0655538076
7.54144731212
7.44307708726
6.69296058452
6.38174224548
7.07854127305
9.80777399488
7.49844063838
8.09586454132
6.5660651346
7.53766825928
7.42735620585
6.57572526654
7.18537724608
7.13010408298
7.41435156116
6.32194863978
7.17342936309
7.08727124965
7.10561855741
7.3671381367
5.79098318171
5.55173474405
5.55219690126
3.7812949843
0
0
5.23696015828
12.5921716342
12.0715851795
9.97065563034
8.94262473309
9.09321300689
8.82891083091
9.2321541308
9.04478532666
7.50154360939
6.69173132056
6.95820420182
7.63763759911
6.13290910737
5.38430399044
5.27567208538
7.98528835313
6.64678618764
4.82935561056
0
0
0
