0
0
0
0
0
0
0
0
0
0
0
0
0
0
0
0
0
0
0
0
0
0
0
0
0
0
0
0
0
0
0
0
0
0
0
0
0
0
0
0
0
0
0
0
0
0
0
0
0
0
0
0
0
0
0
0
0
0
0
0
0
0
0
0
0
0
0
0
0
0
0
0
0
0
0
0
0
0
0
0
0
0
0
0
0
0
0
0
0
0
0
0
0
0
0
0
0
0
0
0
0
0
0
0
0
0
0
0
0
0
0
0
0
0
0
0
0
0
0
0
0
0
0
0
0
0
0
0
0
0
0
0
0
0
0
0
0
0
0
0
0
0
0
0
0
0
0
0
0
0
0
0
0
0
0
0
0
0
0
0
0
0
0
0
0
0
0
0
0
0
0
0
0
0
0
0
0
0
0
0
0
0
0
0
0
0
0
0
40.3127081872
21.4230807376
13.3696702633
5.9437450889
6.84549932425
6.75510615442
11.5694061408
9.92144882428
8.17161785931
9.10583951343
11.1516899974
7.62323321541
7.60183074731
7.29316714256
5.2898450482
1.8167451753
4.07160182988
5.03283707742
6.7853505674
4.25599131167
6.75920233219
9.0123523714
7.4610207011
6.41077786246
7.43129572721
8.29006615046
6.74359992593
6.90539344379
7.67887173401
2.28420295778
0
0
0
0
0
0
0
0
0
0
0
0
0
0
0
0
0
0
0
0
0
0
0
0
0
0
0
0
0
0
0
0
