0
0
0
0
0
0
0
0
0
0
0
0
0
0
0
0
0
0
0
0
0
0
0
0
0
0
0
0
0
0
0
0
0
0
0
0
0
0
0
0
0
0
0
0
0
0
0
0
0
0
0
0
0
0
37.5752300417
29.7783521751
10.5219222921
1.37416247903
0
0
0
0
0
0
2.72208923577
0
0
3.77190827205
3.33602931791
0
3.50497787326
3.1902125181
5.77039883372
0
0
0
0
0
0
0
0
11.740292247
14.0871333848
11.4886116852
5.95350560385
6.5854661575
3.41779188941
2.40279065438
4.43158508615
6.9346071464
5.42335626725
3.6059057105
7.35958712994
2.75585888394
5.64548717083
2.914094857
0
0
0
2.6053303754
0
0
0
0
0
0
0
0
6.18266403543
0
0
0
0
0
8.24859164324
3.48488669914
0
0
0
0
0
0
5.589281031
3.66080999746
0
0
7.03820081705
4.33507010014
0
5.72744971732
0
0
0
0
0
0
3.69029525552
5.04780942483
5.78554803139
0
5.05710614178
3.29160673225
6.2680550818
9.07450759203
6.2100316009
9.90210420371
5.08724358012
4.9481693897
4.9536457816
3.8956689632
3.4045169965
8.08615995042
3.11539559729
3.67515623543
3.32893579597
0
5.42643975799
4.7338908768
5.42624401504
5.44185386289
5.02672472065
4.64913903981
4.68137725774
6.4402566995
5.39690168928
5.41054486436
8.3132293376
23.6488446888
7.51417292619
2.9200179967
2.70830962297
5.90219914272
4.20161621086
5.04492925563
3.95003986685
6.12959569102
5.24218178253
3.97245562263
7.59519778362
4.32093647519
6.45427440763
5.0521638501
6.66125856998
5.20664252068
4.09668049181
4.76248089354
5.92094095086
6.13210941787
2.42739630274
5.02253271792
7.11425574937
7.04277241442
5.90107036236
2.74702833102
6.14284321435
4.62559498366
5.16369525101
4.98676380997
4.93143617661
5.4169194961
4.5061242343
2.7738039223
5.73697372529
5.4500685685
5.47682070477
6.36739544708
5.71739623538
5.19443217452
4.41647428981
6.12691774447
11.4295464974
7.11387922692
6.09889696007
5.20030438484
7.64246607085
4.10149522947
7.93153300068
4.74086288983
4.35335420178
9.79399380042
7.37925713768
8.11307308142
4.11900287323
3.71403060623
5.06345062625
8.38935525347
6.75485569743
6.99668375783
4.56823658284
3.51515325659
5.19303747804
2.99286416658
4.76998896301
8.71357570224
6.98617460274
5.9300783341
7.87155683677
8.60317454937
8.47301520694
8.22119675558
5.32526443666
4.20532023522
4.50009865809
2.52988054777
2.8287811967
7.09764007829
3.54641767729
0
0
0
