0
0
0
0
0
0
0
0
0
0
0
0
0
0
0
0
0
0
0
0
0
0
0
0
0
0
0
0
0
0
0
0
0
0
0
0
0
0
0
0
0
0
0
0
0
1
5
35
131
17
118
20
70
151
403
588
373
76
26
41
20
23
28
29
55
14
47
53
50
48
54
51
84
21
20
42
65
62
31
55
67
123
174
184
126
142
87
63
97
140
121
88
153
72
122
73
40
24
48
50
30
42
36
5
4
2
55
108
73
34
17
65
57
69
96
53
21
38
46
96
15
74
70
52
45
32
81
60
41
72
44
42
38
36
45
89
51
65
75
47
68
50
82
118
98
152
100
99
100
83
73
144
72
79
71
29
91
84
95
98
95
91
92
121
110
113
165
438
236
113
100
179
137
156
127
178
161
128
210
139
192
163
206
175
144
160
191
201
94
158
212
221
199
107
196
159
172
167
165
178
154
101
173
168
171
196
185
173
151
196
341
261
239
212
293
182
307
210
192
372
321
361
215
190
236
358
318
336
242
190
250
155
214
352
315
283
363
411
433
450
327
264
269
161
163
330
189
0
0
0
