0
0
0
0
0
0
0
0
0
0
0
0
0
0
0
0
0
0
0
0
0
0
0
0
0
0
0
0
0
0
0
0
0
0
0
0
0
0
0
0
0
0
0
0
0
0
0
0
0
0
0
0
0
0
0
0
0
0
0
0
0
0
0
0
0
0
0
0
0
0
0
0
0
0
0
0
0
0
0
0
0
0
0
0
0
0
0
0
0
0
0
0
0
0
0
0
0
0
0
0
0
0
0
0
0
0
0
0
0
0
0
0
0
0
0
0
0
0
0
0
0
0
0
0
0
0
0
0
0
0
0
0
0
0
0
0
0
0
0
0
0
0
0
0
0
0
0
0
0
0
0
0
0
0
0
0
0
0
0
0
0
0
0
0
0
0
0
0
0
0
0
0
0
0
0
0
0
0
0
0
0
0
0
0
0
0
0
0
0
33.872488908
16.7907768924
6.29419792051
5.54418654283
7.02033363856
7.82759755246
7.68945017943
6.60837918506
5.42193579254
5.36472827577
6.06262462033
5.84099458769
5.96504558682
4.6833943338
1.05013166444
4.6403048532
4.3824953994
6.00524271879
4.37841331453
4.1904084987
7.51729500306
7.20167763122
7.09755219007
4.98049436385
6.3344947411
8.13285901453
6.34573244012
5.97554354386
1.8564543566
0
0
0
0
0
0
0
0
0
0
0
0
0
0
0
0
0
0
0
0
0
0
0
0
0
0
0
0
0
0
0
0
