0
0
0
0
0
0
0
0
0
0
0
0
0
0
0
0
0
0
0
0
0
0
0
0
0
0
0
0
0
0
0
0
0
0
0
0
0
0
0
0
0
0
0
0
0
0
0
0
0
0
0
0
0
0
0
0
0
0
0
0
0
0
0
0
0
0
0
0
0
0
4.3032946295
7.87469288635
6.43192482244
17.2125455064
7.53336912098
0
3.17466429624
2.90502206072
2.85446368248
4.58123712785
0
0
10.6665405866
8.40220968429
7.27548803735
0
0
0
0
0
0
0
0
0
0
0
0
0
6.26804954939
6.39674105175
5.18299492283
5.74493594339
7.29871020863
5.36965893907
6.28979021071
5.19745607935
3.50828463455
2.88383591795
3.97574473333
4.3840209855
4.50981324606
4.88899556176
12.3585408062
34.5020380924
2.12531786483
2.70191137245
4.81214414641
2.62726588611
4.11565028065
5.11339072623
6.25889595883
3.11539566248
3.64023506589
2.8459304479
3.31644886896
4.5001199301
4.59249894788
4.7314106169
4.00773387065
3.07749867717
4.18965344196
3.49439332978
0
3.47746379868
6.67865055483
5.57559686311
7.79483930634
5.33466428831
13.1862370031
6.21925735026
5.25962934144
4.9458845027
3.99434516048
6.70334987351
3.18954920437
5.19927668588
6.88707930201
3.70586604482
4.32603674021
5.8755573908
8.1238419008
8.26269216528
9.88945985584
6.92747834873
10.0600397209
9.24733676499
5.42726875682
8.17117585395
5.16284942791
4.73367481348
4.09428870483
8.62594274091
6.0772634174
5.67432628357
8.62949218723
5.08538548577
4.25046634048
2.65168200521
4.09099907533
4.33672542365
4.87574394326
4.54453069315
5.06252360223
4.61196541522
5.56616400622
5.79027897584
3.87044319304
5.94319371271
4.86464945669
8.75486497374
3.82055754857
7.02328992175
4.17512921556
4.72925430542
3.5201077144
3.73587746539
4.49793662629
0
0
0
0
0
0
0
0
0
0
0
0
0
0
0
0
0
0
0
0
0
0
0
0
0
0
0
0
0
0
0
0
0
0
0
0
0
0
0
0
0
0
0
0
0
0
0
0
0
0
0
0
0
0
0
0
0
0
0
0
0
0
0
