0
0
0
0
0
0
0
0
0
0
0
0
0
0
0
0
0
0
1
0
0
0
0
0
0
0
0
0
0
0
0
0
0
0
0
0
0
0
0
0
0
0
0
0
0
0
0
0
0
0
0
0
0
0
0
2
19
21
32
15
43
36
30
35
41
60
61
65
78
152
69
113
105
253
166
10
75
67
63
88
23
17
138
133
129
22
4
3
24
3
20
7
1
4
159
43
61
87
81
88
79
89
114
95
110
96
71
59
73
78
80
86
189
549
87
97
147
89
121
142
169
98
106
83
86
107
109
112
99
79
98
84
49
76
121
111
151
119
259
166
149
142
119
179
101
144
183
114
125
157
211
231
291
241
345
358
248
350
252
231
200
362
287
273
390
265
224
146
195
199
215
201
215
197
227
234
168
233
200
326
175
282
188
202
155
154
172
24
0
0
0
0
0
0
0
0
0
0
0
0
0
0
0
0
0
0
0
0
0
0
0
0
0
0
0
0
0
0
0
0
0
0
0
0
0
0
0
0
0
0
0
0
0
0
0
0
0
0
0
0
0
0
0
0
0
0
0
0
0
0
