0
0
0
0
0
0
0
0
0
0
0
0
0
0
0
0
0
0
0
0
0
0
0
0
0
0
0
0
0
0
0
0
0
0
0
0
0
0
0
0
0
0
0
0
0
0
0
0
0
0
0
0
0
0
0
0
0
0
0
12.7703946675
13.0157599473
14.3227383505
8.46903701067
5.87532032311
6.56064570749
5.45199848074
9.60481661855
20.2345969041
10.8260784127
8.14464585902
10.0122200525
4.08937439801
7.4558375816
6.52747291475
1.72369656144
0
0
0
0
0
0
0
0
0
0
0
0
0
0
0
0
0
0
0
0
0
0
0
0
0
0
0
0
0
0
0
0
0
0
0
0
0
0
0
0
0
0
0
0
0
0
0
0
0
0
0
0
0
0
0
0
0
0
0
0
0
0
0
0
0
0
0
0
0
0
0
0
0
0
0
0
22.7230689593
12.7038132052
8.57083420706
5.76504781633
5.10353589201
4.59503835838
7.68748405725
6.12407670872
8.06067968187
6.54074684209
6.43327296047
5.88235146581
6.03536173268
6.30625859003
5.9097621682
11.5659303946
6.20897366741
5.0814415328
4.03941970657
6.46542855247
5.39268487228
3.48476240275
6.8794905171
5.49078311098
4.62124212012
6.00033854506
6.08280715167
5.43398091896
4.70464952245
6.17692805211
6.32947114926
9.15326524834
9.47700138047
7.26434217862
15.3439942009
7.86709633257
0
0
0
0
0
0
0
0
0
0
0
0
0
0
0
0
0
0
0
0
0
0
0
0
0
0
0
0
0
0
0
0
0
0
0
0
0
0
0
0
0
0
0
0
0
0
0
0
0
0
0
0
0
0
0
0
0
0
0
0
0
0
0
