0
0
0
0
0
0
0
0
0
0
0
0
0
0
0
2
2
2
0
1
1
1
0
0
0
0
0
0
0
0
0
0
0
0
0
0
0
0
0
0
0
0
0
0
0
0
0
0
0
0
0
0
0
0
0
1
72
189
170
169
210
277
219
175
196
174
283
592
457
399
502
255
407
377
125
0
0
1
1
0
0
0
0
0
0
0
0
0
0
0
1
1
0
0
0
0
0
1
0
1
0
0
0
0
2
0
0
0
0
0
0
0
0
0
0
0
0
0
0
0
0
0
0
0
0
0
0
0
0
0
0
0
0
0
0
0
0
0
0
0
0
0
0
0
0
0
4
75
43
118
295
330
289
246
191
175
160
243
212
273
243
244
230
237
250
243
439
296
254
208
299
261
179
301
256
221
270
275
253
224
277
287
401
449
388
766
518
33
0
0
1
0
0
0
0
0
0
0
0
0
0
0
0
0
0
0
0
0
0
0
0
0
0
0
0
0
0
0
0
0
0
0
0
0
0
0
0
0
0
0
0
0
0
0
0
0
0
0
0
0
0
0
0
0
0
0
0
0
0
0
