0
0
0
0
0
0
0
0
0
0
0
0
0
0
0
0
0
0
0
0
0
0
0
0
0
0
0
0
0
0
0
0
0
0
0
0
0
0
0
0
0
0
0
0
0
0
0
0
0
0
0
0
0
0
0
0
0
0
0
0
0
0
0
0
0
0
0
0
0
0
0
0
0
0
0
0
0
0
0
0
0
0
0
0
0
0
0
0
0
0
0
0
0
0
0
0
0
0
0
0
0
0
0
0
0
0
0
0
0
0
0
0
0
0
0
0
0
0
0
0
0
0
0
0
0
0
0
0
0
0
0
0
0
0
0
0
0
0
0
0
0
0
0
0
0
0
0
0
0
0
0
0
0
0
0
0
0
0
0
0
0
0
0
0
0
0
0
0
0
0
0
0
0
0
0
0
0
0
0
0
0
0
0
0
0
0
0
0
0
22.8839967225
11.7156469199
2.91668265003
2.28779850746
4.33751901372
6.90900808972
6.51742078038
6.31119152792
4.59309676061
4.74825513318
5.43079026334
6.36987967628
7.478069438
3.98936230757
1.52402165042
5.94832606565
4.35909248574
5.50926550891
4.56245393193
7.27583198775
8.64089963727
6.57288705975
6.41773659991
4.59865428027
9.1752087779
7.26162643254
4.2298825435
7.77222974995
2.50851355773
0
0
0
0
0
0
0
0
0
0
0
0
0
0
0
0
0
0
0
0
0
0
0
0
0
0
0
0
0
0
0
0
