0
0
0
0
0
0
0
0
0
0
0
0
0
0
0
0
0
0
0
0
0
0
0
0
0
0
0
0
0
0
0
0
0
0
0
0
0
0
0
0
0
0
0
0
0
0
0
0
0
0
0
0
0
0
0
0
0
0
0
0
0
0
0
0
0
0
0
0
0
0
0
0
9.72017575412
10.3425047654
9.94591820162
0
3.09583445499
6.13431709802
6.30634573234
7.53135989891
2.80292669893
0
2.9444458783
6.2739578748
5.94975708722
5.20467357912
7.80229404712
4.83588962131
2.7239454705
4.17376344558
2.98088088901
6.40060094398
8.1096057502
5.83360650632
7.04516151815
4.10225420025
4.62436889757
4.8522590081
6.40770035872
7.72715623652
5.29444211191
5.05516484955
4.14097280268
0
0
0
2.79420653567
2.77971787398
3.07853890926
0
0
0
0
0
0
0
0
0
0
0
0
0
0
0
0
0
0
0
0
0
0
0
0
0
0
0
0
0
0
0
0
0
0
0
0
0
0
0
0
0
0
0
0
0
0
0
0
0
0
0
0
0
0
8.64975156591
5.70214325866
6.18363128138
0
0
0
0
0
0
0
0
0
0
0
0
0
0
0
0
0
0
0
0
0
0
0
0
0
0
0
0
0
0
0
0
0
0
0
0
0
0
0
0
0
0
0
0
0
0
0
0
0
0
0
0
0
0
0
0
0
0
0
0
0
0
0
0
0
0
0
0
0
0
0
0
0
0
0
0
0
0
0
0
0
0
0
0
