0
1
0
0
0
0
0
0
0
0
0
0
0
0
0
0
0
0
0
0
0
0
0
1
1
0
0
1
1
0
0
0
0
0
0
0
1
0
1
0
2
0
8
8
11
11
10
15
10
6
3
2
4
9
4
3
9
29
36
32
82
108
38
61
54
45
29
13
44
41
38
112
106
130
147
4
56
95
103
126
61
42
55
97
97
90
130
96
61
82
62
112
144
120
144
97
106
110
139
170
133
130
111
32
48
23
57
54
56
33
24
36
33
50
24
45
22
20
11
19
23
21
15
29
18
32
50
18
25
29
34
26
30
34
45
79
29
30
46
30
33
28
18
52
34
57
53
37
15
40
25
30
23
40
41
48
39
64
46
52
60
63
49
96
77
86
48
40
32
24
26
36
36
70
30
32
23
16
30
48
39
18
24
20
23
25
14
3
0
0
0
0
0
0
2
0
0
0
0
0
0
0
0
0
0
0
0
0
0
0
0
0
0
0
0
0
0
0
0
0
0
0
0
0
0
0
0
0
0
0
0
0
0
0
0
0
0
0
0
0
0
0
0
0
0
0
0
0
0
0
