0
0
0
0
0
0
0
0
0
0
0
0
0
0
0
0
0
0
0
0
0
0
0
0
0
0
0
0
0
0
0
0
0
0
0
0
0
0
0
0
0
0
0
0
0
0
0
0
0
0
0
0
0
0
0
0
0
0
0
0
0
0
0
0
0
0
0
0
0
0
0
0
0
0
0
0
0
0
0
0
0
0
0
0
0
0
0
0
0
0
0
0
0
0
0
0
0
0
0
0
0
0
0
0
0
0
0
0
0
0
0
0
0
0
0
0
0
0
0
0
0
0
0
0
0
0
0
0
0
0
0
6.12117577966
5.595747304
5.21796126916
5.79242461118
26.0066495222
4.79312456843
4.36772836591
1.83625678972
4.22516148974
3.31241681513
2.95358050489
3.41467887559
3.45981172719
5.49245572236
4.94033001486
4.72498337595
4.25841703769
6.55885219416
5.87544308671
3.79955952628
4.40924734276
4.0440983539
3.73445214526
6.49006703568
3.40631737392
0
4.67013756294
3.43409491613
2.91991624954
3.09366101248
4.07126287337
7.57885770345
6.52831630975
6.46699973369
9.8609717911
6.30980748045
3.50843441572
5.14149556703
4.81546629237
6.59495264251
5.01843969909
6.99146842469
5.19998018823
6.38180707735
6.32520910691
6.50662762377
4.12088085328
4.63984725785
5.57591380914
5.32133024264
6.3512145229
5.82891647086
4.67959007628
3.38554211805
5.065077965
5.62407422653
5.08022616768
3.80357689523
4.59071921602
4.55098207252
7.35292556784
4.93448060701
5.07740514474
6.31820228825
6.02500384998
6.05479053812
7.39884536057
5.70087112762
4.76753255306
6.51914998663
6.30665263503
6.31536292344
6.60036540241
6.1699980375
1.77445900748
6.62511761936
3.37455337991
1.53924565793
3.35270029809
4.84262920407
6.44433033529
5.41448285567
8.17400341568
6.53032833034
7.24298998395
6.67889827007
6.55311150011
6.28263317385
4.82811851081
6.11774955747
5.66778768498
4.96907963393
5.82256788071
4.99687244933
5.41796844034
5.34499147594
6.98448561298
4.83167850507
5.71005765649
5.65428281973
4.40193869608
3.25544549802
4.46840793369
6.43275959756
5.84058660535
6.18977783375
6.16681647074
6.02036956723
6.41305455274
4.98417602109
4.18819225075
3.57435461176
0
5.48209992657
5.97571921738
5.91423871466
0
0
0
