0
0
2
1
0
0
0
3
3
13
10
9
40
49
32
28
30
39
23
21
31
7
9
25
15
9
1
5
25
14
14
8
3
10
13
6
12
13
9
10
1
0
4
7
7
12
9
8
2
4
3
6
1
8
9
12
23
11
9
6
11
17
13
23
16
5
7
3
0
0
2
0
0
0
0
0
0
0
0
0
0
0
0
0
0
0
0
0
0
0
0
0
0
0
0
0
0
0
0
0
0
0
0
0
0
0
0
0
0
0
0
0
0
0
0
0
0
0
0
0
0
0
0
0
14
49
37
58
71
72
114
75
74
73
82
300
110
102
50
90
73
64
69
68
97
92
88
82
117
114
83
92
86
80
124
77
47
87
68
58
58
70
116
112
118
176
138
89
118
113
147
123
163
134
160
164
173
123
133
154
151
177
171
145
110
147
160
149
118
134
132
195
148
151
182
181
186
225
191
167
215
216
221
235
229
83
225
132
66
113
147
186
166
237
211
238
235
239
238
196
237
226
203
229
202
213
211
263
200
228
229
187
142
176
234
222
236
240
239
256
212
181
154
20
182
197
199
0
0
0
