0
0
0
0
0
0
0
0
0
0
0
0
0
0
0
0
0
0
0
0
0
0
0
0
0
0
0
0
0
0
0
0
0
0
0
0
0
0
0
0
0
0
0
0
0
0
0
0
0
0
0
0
0
0
0
0
0
0
0
0
0
0
0
0
0
0
0
0
0
0
0
0
0
0
0
0
0
0
0
0
0
0
0
0
0
0
0
0
0
0
0
0
0
0
0
0
0
0
0
0
0
0
0
0
0
0
0
0
0
0
0
0
0
0
0
0
0
0
0
0
0
0
0
0
0
0
0
17.6094428466
6.0708819855
0
3.0785473917
0
0
0
5.5232844316
0
5.5089947898
0
0
0
0
0
0
0
0
0
0
0
5.1672366104
7.37582763279
12.0704610633
11.3375036065
9.72700501193
7.58593125618
8.10360209419
5.68418876709
6.05053972771
5.42151808828
6.98103435499
6.04369670123
7.30806554991
5.07018864406
3.57939029709
3.72808824313
4.53135739379
4.75931465422
4.16204572532
4.12158266451
5.62479211806
4.59815825583
1.49608681959
1.85117732299
0
0
2.59283725126
0
0
0
0
0
4.11752112941
0
4.31819337791
0
0
0
0
0
0
0
0
0
0
0
0
0
0
0
0
0
0
0
0
0
0
0
0
0
0
0
0
0
0
0
0
0
0
0
0
0
0
0
0
0
0
0
0
0
0
0
0
0
0
0
0
0
0
0
0
0
0
0
0
0
0
0
0
0
0
0
