0
0
0
0
0
0
0
0
0
0
0
0
0
0
0
0
0
0
0
0
0
0
0
0
0
0
0
0
0
0
0
0
0
0
0
0
0
0
0
0
0
0
0
0
0
0
0
0
0
0
0
0
0
0
0
0
0
0
0
0
0
0
0
0
0
0
0
0
0
0
0
0
0
0
0
0
0
0
0
11
0
6
13
4
7
12
4
7
13
11
17
18
6
27
23
128
67
31
44
61
42
27
34
41
29
57
45
44
37
32
56
40
24
34
34
48
30
30
24
24
36
33
45
44
33
45
179
209
115
49
64
36
46
36
79
46
78
46
48
32
34
39
42
57
35
60
43
75
65
89
147
169
176
162
184
148
159
149
186
173
208
161
120
119
135
139
124
121
154
133
53
57
37
29
56
46
40
48
39
45
58
40
58
49
39
11
6
0
0
0
0
0
0
0
0
0
0
0
0
0
0
0
0
0
0
0
0
0
0
0
0
0
0
0
0
0
0
0
0
0
0
0
0
0
0
0
0
0
0
0
0
0
0
0
0
0
0
0
0
0
0
0
0
0
0
0
0
0
0
0
