0
0
1
1
2
0
0
0
1
0
0
0
0
0
0
0
0
0
0
0
0
1
0
0
0
1
1
0
1
0
0
0
0
0
0
1
2
0
0
0
0
1
0
0
1
2
2
2
1
0
1
4
0
0
3
1
3
3
5
2
5
2
9
13
4
6
7
2
1
3
9
5
2
3
3
1
3
3
7
2
2
2
6
5
6
1
1
2
4
20
1
3
3
8
4
2
1
4
4
5
3
1
3
1
8
2
3
11
5
2
4
6
2
6
3
2
1
4
1
3
0
4
5
5
4
5
5
3
4
5
11
6
4
3
11
12
5
4
8
4
3
7
6
6
6
6
8
6
7
14
26
31
25
20
27
14
15
21
14
16
38
25
23
27
26
28
36
15
17
15
27
20
20
16
34
34
26
24
21
33
36
27
32
50
40
43
39
5
0
0
1
0
2
0
1
2
2
1
0
1
0
1
0
0
2
2
4
3
0
1
9
33
8
11
7
157
141
91
0
0
0
0
0
0
0
0
0
0
0
0
0
0
0
0
0
0
0
0
0
0
0
0
0
0
0
0
0
0
0
0
