0
0
0
0
0
0
0
0
0
0
0
0
0
0
0
0
0
0
0
0
0
0
0
0
0
0
0
0
0
0
0
0
0
0
0
0
0
1
0
0
0
0
0
0
0
0
0
0
0
0
0
0
0
0
0
0
32
71
43
52
58
47
63
34
43
22
24
26
13
33
41
55
22
20
42
0
14
16
28
18
9
24
35
32
46
34
44
26
81
54
29
29
69
36
95
45
158
127
151
79
96
133
81
51
42
114
119
114
70
176
55
208
92
110
34
30
39
116
38
35
48
47
53
24
23
24
19
26
15
20
18
15
15
17
17
20
22
20
17
17
11
20
15
11
38
26
37
16
34
21
30
34
44
83
54
25
30
0
1
39
32
44
28
29
20
27
34
26
35
31
28
43
16
34
39
44
30
33
27
28
34
15
48
21
27
23
32
2
0
0
0
0
0
0
0
0
0
0
0
0
0
0
0
0
0
0
0
0
0
0
0
0
0
0
0
0
0
0
0
0
0
0
0
0
0
0
0
0
0
0
0
0
0
0
0
0
0
0
0
0
0
0
0
0
0
0
0
0
0
0
