0
0
0
0
0
0
0
0
0
0
0
0
0
0
0
0
1
1
0
0
0
1
1
1
0
1
0
0
0
0
1
1
3
0
0
0
0
1
1
0
1
0
1
0
1
1
0
0
1
1
1
2
2
0
0
0
1
9
1
9
9
6
18
25
17
12
11
19
18
23
41
32
15
56
63
4
10
26
32
36
11
8
31
20
12
25
32
25
19
24
29
18
16
19
23
14
17
27
21
24
50
25
19
12
17
25
20
12
20
33
24
13
17
17
25
25
16
23
17
28
17
26
28
19
62
49
45
12
43
15
50
19
36
23
25
20
36
19
20
21
14
17
22
23
20
31
61
27
24
27
61
53
45
27
71
60
38
44
42
53
35
38
48
38
41
66
35
42
42
35
45
32
36
56
49
58
105
72
39
51
55
57
72
62
39
34
36
0
0
0
0
0
0
0
0
0
0
0
0
0
0
0
0
0
0
0
0
0
0
0
0
0
0
0
0
0
0
0
0
0
0
0
0
0
0
0
0
0
0
0
0
0
0
0
0
0
0
0
0
0
0
0
0
0
0
0
0
0
0
0
