0
0
0
0
0
0
0
0
0
0
0
0
0
0
0
0
0
0
0
0
0
0
0
0
0
0
0
0
0
0
0
0
0
0
0
0
0
0
0
0
0
0
0
0
0
0
0
0
0
0
0
0
0
0
0
0
0
0
0
0
0
0
0
0
0
0
0
0
0
0
0
0
0
0
0
0
0
0
0
0
0
0
0
0
0
0
0
0
0
0
0
0
0
0
0
0
0
0
0
0
0
0
0
0
0
0
0
0
0
0
0
0
0
0
0
0
0
0
0
0
5.58067156735
8.48843972685
2.92292896915
3.37396704385
0
3.36572068289
5.08729813278
0
11.7110132947
7.81680124652
7.05258792371
3.15548495813
0
0
3.90072515935
4.9564556817
4.03198508292
0
3.17206876913
4.28435811245
4.50719479087
5.06406134014
3.71945286435
7.33498897539
6.65486193303
7.37587850234
7.78721205331
8.98618734103
4.69561736583
10.355681226
3.20569590405
3.1727880586
3.89107357305
2.23595835336
4.74410804444
2.18825699256
2.23836955377
0
0
0
0
0
0
0
0
0
0
0
0
0
0
0
0
0
0
0
0
0
0
0
0
0
0
0
0
0
0
0
0
0
0
0
0
0
0
0
0
0
0
0
0
0
0
0
0
0
0
0
0
0
0
0
0
0
0
0
0
0
0
0
0
0
0
0
0
0
0
0
0
0
0
0
0
0
0
0
0
0
0
0
0
0
0
0
0
0
0
0
0
0
