0
0
0
0
0
0
0
0
0
0
0
0
0
0
0
0
0
0
0
0
0
0
0
0
0
0
0
0
0
0
0
0
0
0
0
0
0
0
0
0
0
0
0
0
0
0
0
0
0
0
0
0
0
0
0
0
0
0
0
0
0
0
0
0
0
0
0
0
0
0
0
0
0
0
0
0
0
0
0
0
0
0
0
0
0
0
0
0
0
0
0
0
0
0
0
0
0
0
0
0
0
0
0
0
0
0
0
0
0
0
0
0
0
0
0
0
0
0
0
0
0
0
0
0
0
0
0
0
0
0
0
0
0
0
0
0
0
0
0
0
0
0
0
0
0
0
0
0
0
0
0
0
0
0
15.8844081545
6.36047791464
0
4.03956143914
0
20.6565242756
6.63589786686
4.2753978491
11.5360059866
4.39143730216
1.94101379578
38.4977387014
13.8110742688
8.6993434793
9.52230927808
3.32148538986
7.03809246526
25.3395549487
7.10990838171
6.73804397937
6.28028718186
1.19868658367
0
16.4754938496
13.7451222666
10.9781791348
9.64269967078
5.97963503332
11.2655095076
7.20559995101
2.74308422479
2.96714311137
2.91551162379
3.46995702326
11.2943949753
16.4924530401
16.9552294172
16.0555076179
5.00528624939
4.64422960702
0
0
0
0
0
0
0
0
0
0
0
0
0
0
0
0
0
0
0
0
0
0
0
0
0
0
0
0
0
0
0
0
0
0
0
0
0
0
0
0
0
0
0
0
0
0
0
0
0
0
0
0
0
0
0
0
