0
0
0
0
0
0
0
0
0
0
0
0
0
0
0
0
0
0
0
0
0
0
0
0
0
0
0
0
0
0
0
0
0
0
0
0
0
0
0
0
0
0
0
0
0
0
0
0
0
0
0
0
0
0
0
0
0
0
1
0
0
0
0
0
0
0
0
0
0
0
0
0
0
1
2
0
2
21
23
29
16
13
38
33
62
31
27
28
26
23
32
34
25
74
17
16
25
23
32
17
18
14
29
16
18
21
34
15
14
56
17
18
17
9
15
15
18
17
11
22
8
11
14
14
20
27
13
12
8
13
12
11
6
16
26
13
18
16
9
17
8
10
7
22
3
10
4
3
8
8
16
29
8
7
16
5
6
8
9
11
14
13
18
9
18
20
10
6
7
7
11
14
16
17
11
4
30
31
29
5
9
17
10
29
7
9
10
1
0
0
0
0
0
0
0
0
0
0
0
0
0
0
0
0
0
0
0
0
0
0
0
0
0
0
0
0
0
0
0
0
0
0
0
0
0
0
0
0
0
0
0
0
0
0
0
0
0
0
0
0
0
0
0
0
0
0
0
0
0
0
