0
0
0
0
0
0
0
0
0
0
0
0
0
0
0
0
0
0
0
0
0
0
0
0
0
0
0
0
0
0
0
0
0
0
0
0
0
0
0
0
0
0
0
0
0
0
0
0
0
0
0
0
0
0
0
0
0
0
4
0
1
6
3
1
4
1
6
3
3
2
3
1
4
4
4
0
5
1
1
672
221
5
2
5
2
2
5
0
0
2
12
0
1
6
15
7
10
1
1
13
0
1
0
0
3
6
3
3
11
12
9
3
2
31
7
20
20
15
11
7
7
14
11
23
8
2
2
8
2
14
4
4
5
3
14
1
7
2
4
13
2
2
1
1
4
2
5
0
0
5
2
1
0
1
12
32
0
0
0
0
0
0
0
0
0
0
1
0
1
0
0
0
0
0
0
2
0
0
0
0
0
0
0
0
0
0
0
0
0
0
0
0
0
0
0
0
0
0
0
0
0
0
0
0
0
0
0
0
0
0
0
0
0
0
0
0
0
0
0
0
0
0
0
0
0
0
0
0
0
0
0
0
0
0
0
0
0
0
0
0
0
0
0
0
0
0
0
0
0
0
