0
0
0
0
0
0
0
0
0
0
0
0
0
0
0
0
0
0
0
0
0
0
0
0
0
0
0
0
0
0
0
0
0
0
0
0
0
0
0
0
0
0
0
0
0
0
0
0
0
0
0
0
0
0
0
0
0
0
0
0
0
0
0
0
0
0
0
0
0
0
0
0
0
0
0
0
0
0
0
0
0
0
0
0
0
0
0
0
0
0
0
0
0
0
0
0
0
0
0
0
0
39.9152110272
15.0615790405
14.5951343941
13.1291734721
13.6478956756
10.6624644918
8.84615850105
7.30244345385
8.78441886274
7.74695661134
6.84730027823
11.3436343285
16.577144361
8.33788484001
7.55871928273
6.53179881944
18.6464030239
81.7811789888
25.680384729
17.700505941
28.8311868139
22.4025966852
6.3236279314
3.72029338049
10.6806127893
8.49421406151
9.35007244056
7.01088530416
9.72107926686
10.7736376115
13.7281230724
9.02581332035
1.64302426544
3.44593602663
6.3279150017
4.48268537676
3.984589137
6.04394237101
5.07099802271
5.13754851521
5.87165384126
5.75101973375
6.35632690568
6.24532729043
4.98723460039
6.49533497105
7.59368630821
6.88977194468
3.6410729519
0.466691555945
0.969379758396
1.87551444086
3.09077182628
3.96305857133
3.30204817549
3.61977480461
4.12455426672
4.19453996307
6.14212563269
4.77804547732
4.80246947373
4.5298882204
5.46233383781
5.49939726594
6.89183374934
2.06049423095
3.2996916723
7.38203862425
10.6443830727
8.46781577337
7.11619810092
6.80090289845
6.67275277026
7.60098551667
8.47654850108
5.41940531604
7.15562664138
10.9146523716
11.8260112414
7.9839911831
6.72122135778
9.48744478389
7.25651821662
4.52362981459
8.07300426608
9.24956552526
9.55364132212
8.71388322165
7.55765630305
3.88773341374
9.76271788959
6.88782432711
8.56951224366
8.41330318809
6.91153926412
7.60977006129
8.37153262649
5.13347372583
7.03472605981
5.30221614307
4.58475813489
5.11061270621
6.29337861745
5.29969103112
4.60704110519
9.92449191158
9.96011573884
6.58635319295
6.88118122452
6.41089464259
7.13717439087
7.26928805437
6.07842385741
5.73027779159
6.86323956068
6.02865207196
7.33221052655
6.52081125721
2.82311145083
1.59958555226
4.00857181838
3.43021022045
3.32262729193
4.58867170578
5.92650095122
3.84474803877
4.48617619964
4.85456345635
4.49641644357
4.05392265907
6.61157042544
7.39896530205
9.55063355856
0
0
0
0
0
0
0
0
0
0
0
0
0
0
0
0
