0
2
1
4
4
5
2
5
1
1
1
0
2
2
4
5
2
1
5
3
4
1
0
2
1
2
4
1
0
7
4
2
3
0
0
3
1
0
2
0
2
1
0
0
1
0
1
2
1
4
4
0
1
1
3
0
0
1
3
1
1
4
1
0
1
0
1
0
1
0
0
0
2
0
0
0
1
1
29
124
44
56
20
23
51
20
40
28
46
49
0
0
0
47
93
86
0
46
33
48
502
750
566
669
728
868
811
754
672
804
756
693
1075
1644
1072
1012
902
2256
10413
8163
7593
13680
14464
5630
3349
7845
6584
7139
5553
7123
7881
10092
7401
1616
2744
4354
3107
2641
3575
2932
2795
2970
2725
2782
2703
2187
2609
2934
2681
1501
234
370
549
733
843
676
671
698
667
870
696
684
631
713
698
823
292
388
703
957
838
754
737
731
820
919
646
806
1182
1376
1067
937
1262
1050
700
1101
1266
1371
1334
1214
683
1426
1109
1338
1359
1179
1278
1406
939
1185
922
787
821
946
803
690
1287
1369
1007
1040
976
1069
1092
943
879
1003
896
1037
936
450
253
493
408
371
457
551
379
408
416
378
336
493
550
705
0
0
1
0
0
0
0
0
1
0
0
0
0
0
0
0
