0
0
0
0
0
0
0
0
0
0
0
0
0
0
0
0
0
0
0
0
0
0
0
0
0
0
0
0
0
0
0
0
0
0
0
0
0
0
0
0
0
0
0
0
0
0
0
0
0
0
0
0
0
0
0
0
0
0
0
4.68528461893
4.67048516288
11.9396892906
10.5810223486
6.29547390901
5.50104770198
7.20426862761
8.37474554709
0
4.68865259521
7.54575678329
10.3660676814
5.97964687592
5.25466315194
7.78174659576
5.44171129116
3.54357652485
6.78345861037
9.60700683358
6.50841215144
8.85856563515
4.96760580283
4.00030728168
5.89998844707
4.27993622132
3.66013673789
7.54329415028
6.52313419078
4.68275928621
6.55567963097
6.40271301205
8.56558823128
6.0390787658
4.6918612143
4.13493309007
6.6397561774
5.24685460507
6.87005412364
3.67372545034
5.59896891015
4.76784537169
6.01832063754
4.70694271399
6.53523871916
2.24120453424
6.61231545019
8.41218921201
5.03552485193
9.90124956149
9.51739775282
18.8525992908
13.0361156895
16.7286408657
9.97441878126
11.3455368501
7.18600644872
7.42710662611
6.59141627214
4.41739834804
4.71316359907
5.31307362896
5.40368890971
5.41446226079
5.72704538337
5.02803969815
5.09038921905
6.36977147089
3.63186755502
6.26981113436
4.79358650027
6.54132676997
5.27606176857
7.44996752691
5.27128797249
7.5543037847
6.19677615074
7.06147643648
6.03260981386
5.54720990301
5.56385560098
5.23243206049
5.51109203026
5.33880606484
5.8892572997
7.18718949891
5.57642444299
6.77389870691
5.46497854378
2.24601945431
3.18531213593
3.24689583048
0.865342671514
0
0.897649271667
0
0
4.20449025528
0
0
1.77107363474
0
0
0
0
0
0
0
0
0
0
0
8.14733549419
9.9950340004
4.99302032955
3.46920763855
2.99274777253
6.50912861168
4.65981071368
3.7756153061
5.95884984677
10.8314906181
6.00147259608
7.97192219533
9.28230687822
7.07581276847
7.7698988295
5.39288918598
5.59859976917
5.67908402483
4.61143397112
5.47428549242
4.75958388803
1.34755746658
2.4154918408
2.05592931661
3.63062680673
3.41117321685
4.23555602818
5.80734641589
4.60184592022
6.43504390448
4.83604774859
4.24947762548
3.25935819755
0
4.19714622449
5.3767014277
2.9614694534
2.59217286639
4.59949833863
5.78100401843
8.21057629838
6.80010607862
9.70331035897
4.73855608802
8.61602455219
3.95817140967
4.42609765255
1.4937560722
0
0
0
0
0
0
0
0
0
0
0
0
0
0
0
127.818588899
28.459140033
20.1242545757
15.5096051887
11.080865473
9.01238093571
8.87384094952
9.5248332158
7.49151680275
6.40345876455
5.97936433608
8.43977465426
7.46113555111
5.00975507136
0
0
0
