8
15
6
6
11
14
9
12
25
21
26
13
15
16
15
7
10
15
7
9
10
7
23
13
9
33
11
19
19
21
18
17
13
12
14
16
16
8
7
18
18
14
8
17
17
12
12
9
12
17
21
18
12
22
18
20
166
66
77
61
62
136
149
113
106
136
165
49
101
150
211
152
140
196
156
111
184
256
206
277
185
153
205
159
136
240
225
175
229
232
304
243
200
177
256
217
272
166
226
198
236
194
252
106
242
307
213
374
401
790
736
1052
817
984
730
761
698
494
498
530
521
508
518
456
448
532
331
503
405
519
436
577
438
584
504
563
498
461
455
426
435
417
444
524
430
502
422
196
240
229
72
38
57
26
23
133
25
24
50
19
28
15
21
17
22
31
44
90
54
127
105
138
90
68
59
107
85
72
102
174
123
161
198
176
202
160
167
172
147
168
150
53
76
62
91
84
97
125
107
142
117
106
85
37
91
110
69
59
88
106
145
135
193
120
199
114
122
50
17
31
26
14
7
10
44
20
20
6
20
13
13
19
240
1170
1082
1174
1203
1062
969
1003
1115
955
845
788
1034
952
678
0
1
0
