0
0
0
0
0
0
0
0
0
0
0
0
0
0
0
0
0
0
0
0
0
0
0
0
0
0
0
0
0
0
0
0
0
0
0
0
0
0
0
0
0
0
0
0
0
0
0
0
0
0
0
0
0
0
0
0
0
0
0
0
0
0
0
0
0
0
0
0
0
0
0
0
0
0
0
0
0
0
0
0
0
0
0
0
0
10.7570060926
2.95446506063
3.15985020389
8.95403681176
0
7.70592026965
2.92557618646
0
3.73622260566
0
4.04854271355
7.73852416477
0
0
13.8167528684
5.63300293721
10.1726358014
5.48641649344
6.54867484587
5.30757179979
5.75245283587
5.37793158667
4.31139756328
3.61127231608
4.13126467875
5.88350556012
0
0
4.92132591348
10.2802626119
5.14595163169
5.38784163664
5.99212386667
0
0
0
0
0
0
0
0
0
32.0877797609
8.17524474875
6.94204839821
9.29692420431
7.18837352093
11.8538403735
3.39525668677
3.74598344008
28.5916058017
16.8266085378
24.1167948666
26.9684742105
24.0940380512
4.9006359217
14.6813003614
12.9474990684
17.8625364638
12.9899286152
2.99366501893
0.579909130654
0.68975726585
0.702267121177
0.550692339796
0.357628121341
0.386117590845
0
0.56088986084
0
0.580571744689
0
0
1.13961981179
3.51958993337
2.38600754081
2.66583566224
2.03936343552
4.04671440357
2.67650592581
2.54321802813
9.82317249769
3.86303021324
12.3192153579
5.04904054545
2.6464565011
12.1196186368
3.79177710756
2.20213833919
4.46378680222
3.84077421508
4.16578221766
14.7871402626
3.62017311243
4.77703543867
7.66309500704
3.73491191647
7.00432711995
9.41650842593
2.90758351315
2.84983633745
3.78538058738
2.99123657887
2.80463719465
8.54090725217
5.15198135985
5.36678114092
4.74424775888
6.77296586878
3.10304656545
3.65698866288
3.69117362885
4.22104289802
2.80376668846
4.3944955997
2.99229400893
3.1530503254
3.6146698492
0
0
0
0
0
0
3.73580251
5.83132436918
0
0
0
0
0
0
0
0
4.14577921553
8.29983168122
10.7402642871
8.6019851091
5.81746424158
8.27071960534
5.13091820801
3.70963251727
11.085663459
2.91046904588
4.39113335949
3.18204678969
2.94565422924
7.81493593088
6.36391727668
8.76774251994
6.73900470356
7.91614627761
5.44401181046
8.7101864238
2.92286540653
4.1875192587
5.16601356747
4.4427391202
0
4.25006891937
8.56548204122
3.36471590416
0
0
0
