0
0
0
0
0
0
0
0
0
0
0
0
0
0
0
0
0
0
0
0
0
0
0
0
0
0
0
0
0
0
0
0
0
0
0
0
0
0
0
0
0
0
0
0
0
0
0
0
0
0
0
0
0
0
0
0
0
0
0
0
0
0
0
0
0
0
0
0
0
0
4
11
64
64
71
0
0
0
0
0
0
143
72
2
265
158
64
65
148
38
134
66
38
69
0
59
99
34
7
145
89
152
105
126
113
122
118
100
86
93
122
49
46
91
169
110
116
129
27
0
0
0
0
0
0
24
274
385
198
188
254
226
365
147
152
824
777
1307
1960
2485
813
2037
2093
3093
2790
846
189
188
164
115
69
64
42
64
48
50
41
43
72
169
117
127
95
150
92
70
189
98
250
139
81
269
119
74
122
107
112
318
121
146
215
126
204
276
114
106
127
101
90
213
152
158
143
191
104
114
112
122
85
117
84
83
89
9
0
13
31
49
45
52
73
31
46
26
29
36
69
59
66
54
94
129
126
101
141
105
82
198
76
101
77
69
146
133
182
161
194
153
229
101
129
151
134
12
109
191
96
0
0
0
