0
0
0
0
0
0
0
0
0
0
0
0
0
0
0
0
0
0
0
0
0
0
0
0
0
0
0
0
0
0
0
0
0
0
0
0
0
0
0
0
0
0
0
0
0
0
0
0
0
0
0
0
0
0
0
0
0
0
0
0
0
0
0
0
0
0
0
0
0
0
0
0
0
0
0
0
0
0
0
0
0
0
0
0
0
0
0
0
0
0
0
0
0
0
0
0
0
0
0
0
0
0
0
0
0
0
0
0
0
0
0
0
0
0
0
0
0
0
0
0
0
0
0
0
0
0
0
0
0
0
0
0
50.3201751323
20.126124975
14.9701721117
28.9812507333
11.5299190477
2.42172181228
20.1509155764
20.3227678719
7.38793771875
15.1622706406
17.9741163625
17.5241589479
14.3775248166
3.64476650632
0
0
0.235979220082
0
0
0
0
0
0
0
0
0
2.09728300292
2.29190523436
2.23504711775
2.90081994422
1.74956922999
0
12.5639582842
5.68852095177
11.8277841462
5.51243049613
15.0463178043
1.26735581487
0
11.5390223487
2.52692545215
3.86959632932
5.2494166769
3.39793335084
3.6067972457
17.7150241037
3.16210865425
4.1899528871
3.30616787063
2.72391525509
2.99468466703
0
0
0
0
0
0
0
0
0
0
0
0
0
0
0
0
0
0
0
0
0
0
0
0
0
0
0
0
0
0
0
0
0
0
0
0
0
0
0
0
0
0
0
0
0
0
0
0
0
0
0
0
0
0
0
0
0
0
0
0
0
0
0
0
0
0
0
