0
0
0
0
0
0
0
0
0
0
0
0
0
0
0
0
0
0
0
0
0
0
0
0
0
0
0
0
0
0
0
0
0
0
0
0
0
0
0
0
0
0
0
0
0
0
0
0
0
0
0
0
0
0
0
0
0
0
0
0
0
0
0
0
0
0
0
0
0
0
0
0
0
0
0
0
0
0
0
0
0
0
0
0
0
0
0
0
0
0
0
0
0
0
0
0
0
0
0
0
0
0
0
0
0
0
0
0
0
0
0
0
0
0
0
0
0
0
0
0
0
0
0
0
0
0
0
0
0
0
0
0
0
0
0
0
0
0
0
0
0
0
0
0
0
0
0
0
0
0
0
0
0
0
0
0
0
0
0
0
0
0
0
0
0
0
0
0
0
0
0
0
0
0
0
0
0
0
0
0
0
0
0
0
0
0
0
0
0
0
0
0
0
0
0
0
13.1441195564
7.63905272412
10.560000605
12.8813101302
8.31466464832
5.45341883798
9.36332234731
6.18044761061
7.24109215334
5.47880409177
13.9346158868
3.68085717609
0
6.41451389939
11.0911995737
10.2457974098
7.80468673254
8.43334844245
4.97019229168
6.44479717067
9.54564037323
12.1341428689
9.45333298425
10.2502402345
8.16162778775
7.70025410172
7.06962963253
5.13842604023
8.66563552195
6.32579189419
4.94687809754
9.14733697689
6.14227575203
8.17546674152
6.18538520531
2.58642572665
2.90585135117
2.71984743119
2.98881544424
3.64980777584
3.83464680215
9.43968356201
4.907600234
13.4249483581
6.44372016076
7.60175917334
7.15872669178
0.629539421471
7.5327863138
7.06767232346
8.07492322626
0
0
0
