0
0
0
0
0
0
0
0
0
0
0
0
0
0
0
0
0
0
0
0
0
0
0
0
0
0
0
0
0
0
0
0
0
0
0
0
0
0
0
0
0
0
0
0
0
0
0
0
0
0
0
0
0
0
0
0
0
0
0
0
0
0
0
0
0
0
0
0
0
0
0
0
0
0
0
0
0
0
0
0
0
0
0
0
0
0
0
0
0
0
0
0
0
0
0
0
0
0
0
0
0
0
0
0
0
0
0
0
0
0
0
0
0
0
0
0
0
0
0
0
0
0
0
0
0
0
0
0
0
0
0
0
2
2
0
5
3
0
0
0
0
1
1
1
3
4
0
3
0
2
2
4
3
0
0
1
0
0
0
2
0
0
1
0
4
11
2
0
2
10
5
14
17
0
0
6
3
1
1
0
0
0
7
1
0
0
0
2
0
4
5
10
7
155
110
103
148
117
167
229
191
146
233
182
212
176
391
152
0
196
321
343
305
345
235
289
414
552
511
596
535
531
510
395
605
487
396
650
489
627
513
243
246
216
217
240
239
495
304
707
434
505
499
67
468
459
528
0
0
0
