0
0
0
0
0
0
0
0
0
0
0
0
0
0
0
0
0
0
0
0
0
0
0
0
0
0
0
0
0
0
0
0
0
0
0
0
0
0
0
0
0
0
0
0
0
0
0
0
0
0
0
0
0
0
0
0
0
0
0
0
0
0
0
0
0
0
0
0
0
0
0
0
0
0
0
0
0
0
0
0
0
0
0
0
0
0
0
0
0
0
0
0
0
0
0
0
0
0
0
0
0
6.21456430432
3.58068270189
0
0
0
23.3129840899
0
6.41144415694
5.39317416626
22.3303284468
5.26331146447
2.07735021788
8.56419478351
1.5943032972
0
0
72.947358246
0
1.37543373261
21.389423155
0
0
0
0
0
0
4.09424248229
0
0
0
6.5312726665
0
0
96.6271894339
46.8903898548
1.85669968476
0
0
1.81702672218
6.40336255725
0
0
0
0
8.32634287454
0
0
0
0
6.68186952569
15.8648553646
10.3462546746
8.8801635506
7.97707218097
5.77256850199
7.62743697812
6.58114527404
6.23248495548
6.03713246653
6.63422685837
5.33712699073
6.53587111147
6.39079567242
6.10551719023
6.62407599716
5.75874626771
4.26127004633
5.51829269153
5.72404222762
4.80206588619
5.27836087664
5.22520528355
5.70836349625
4.86781160512
5.77600767619
5.39619107829
2.72951593643
2.4475804266
4.53421847846
0
0
0
0
0
0
0
0
0
0
0
0
0
0
0
0
0
0
0
0
0
0
0
0
0
0
0
0
0
0
0
0
0
0
0
0
0
0
0
0
0
0
0
0
0
0
0
0
0
0
0
0
0
0
0
0
0
0
0
0
0
0
0
0
0
0
0
0
0
0
