10
31
60
27
42
23
16
50
35
38
36
23
25
26
26
30
36
32
32
24
7
11
22
28
24
25
27
15
52
33
16
37
20
11
56
4
17
22
43
29
22
8
7
7
14
12
9
11
27
23
8
2
21
20
14
15
22
31
21
19
21
20
38
9
21
19
32
27
2
14
38
26
19
21
20
6
12
18
17
20
5
10
13
15
8
10
12
12
20
18
16
15
9
9
9
211
50
27
15
16
445
138
91
1
23
36
283
36
126
115
390
158
74
222
61
18
8
1019
6
71
643
22
14
25
19
15
8
88
19
36
18
82
8
9
738
1186
138
4
13
88
229
10
3
10
39
149
2
34
16
35
97
220
206
215
223
178
213
200
199
200
221
188
222
224
221
241
220
173
210
219
192
206
204
219
193
220
210
119
102
158
4
0
0
0
0
1
1
2
0
3
0
2
4
0
0
1
2
0
2
0
2
0
0
1
1
6
2
0
0
1
0
0
7
0
0
0
0
5
0
0
0
0
3
1
0
1
0
3
0
0
1
1
0
0
1
0
0
0
0
0
0
2
0
3
28
33
59
0
0
0
