0
0
0
0
0
0
0
0
0
0
0
0
0
0
0
0
0
0
0
0
0
0
0
0
0
0
0
0
0
0
0
0
0
0
0
0
0
0
0
0
0
0
0
0
0
0
0
0
0
0
0
0
0
0
0
0
0
0
0
0
0
0
0
0
0
0
0
0
0
0
0
0
0
0
0
0
0
0
0
0
0
0
0
0
0
0
0
0
0
0
0
0
0
0
0
0
0
0
0
0
0
0
0
0
0
0
0
0
0
0
0
0
0
0
0
0
0
0
0
0
0
0
0
0
0
0
0
0
0
0
0
0
0
0
0
0
0
0
0
0
0
0
0
0
0
0
0
0
10.5344183741
12.9678683897
9.70713464024
8.76903953427
7.85612485028
6.1670932271
5.31562156651
4.84405873781
5.42187026898
4.9757201266
4.21627259358
4.71120720073
4.69253797423
5.35519239307
5.68259349595
3.26337018817
4.92681105336
6.97040792708
4.66418778359
4.74099649141
6.30293212004
6.43951025244
6.57749663411
5.5769362554
4.41433323766
4.67449081979
4.13191568718
2.01369679465
2.38958042695
8.25456701934
5.48845601852
9.17222219792
8.71514719791
7.82947688478
6.97455041554
6.25391178386
2.81287168298
1.36325363699
6.53813042424
6.8570332209
5.22428236318
4.96474913285
5.86717295145
5.63563392361
4.89581378854
4.18801064653
4.83970957341
8.38962286394
6.3414037497
4.8963262845
4.6221913926
4.445936263
5.50531003777
5.71959513637
6.99637870664
5.86149994487
4.76675393973
3.23946090912
3.53575591268
5.56224096703
4.49468338962
4.89178505501
4.92152824
5.24483616671
3.39535544685
3.11039275563
2.00213371017
7.81739064957
4.06872313539
4.81942703951
3.51335482508
0
9.0713147451
2.13551734663
2.92521607617
2.55473682554
6.30012132195
6.39181670359
0
7.53518984746
3.68463700606
4.38203586993
5.07082410984
4.21398092259
9.00619755303
5.91585645237
7.01803798314
4.87185586908
3.59924905173
4.46015794787
9.91470950131
5.51374998563
3.50324292379
5.37874197135
0
0
4.08530685936
2.80626316545
5.52308124328
0
0
0
