0
0
0
0
0
0
0
0
0
0
0
0
0
0
0
0
0
0
0
0
0
0
0
0
0
0
0
0
0
0
0
0
0
0
0
0
0
0
0
0
0
0
0
0
0
0
0
0
0
0
0
0
0
0
0
0
0
0
0
0
0
0
0
0
0
0
0
0
0
0
0
0
0
0
0
0
0
0
0
0
0
0
0
0
0
0
0
0
0
0
0
0
0
0
0
0
0
0
0
0
0
0
0
0
0
0
0
0
0
16.4394842821
12.7784310271
6.37512464622
5.85928387083
10.9382157166
13.4523888044
7.9019695193
6.71664673214
7.26945886489
1.37575462711
0
0
0
0
0
0
9.05253368284
21.9435412576
18.2400703404
5.69976819148
6.48642243012
8.61994118591
9.1656875396
14.1742294912
31.6157525799
4.84054246291
0
0
0
0
0
0
0
0
0
0
0
0
0
0
0
0
0
0
0
0
0
0
0
0
0
0
6.3091826955
6.35754398536
6.70995248484
5.13688536125
0
7.23741218758
3.09845191012
9.68347532739
2.74109527929
0
12.0906126701
3.04993116178
0
3.06320182375
4.12419242704
2.97648281405
15.2527200714
2.9610748813
3.80937263091
7.65977118349
5.83347090507
3.94735724801
6.24780371438
3.80884937141
3.85029390169
3.92739833857
2.89841268646
2.76247430552
6.96808751843
5.52278122222
3.45974649047
4.61154336385
6.2732871313
0
3.46319900284
4.12381707843
3.37753699291
2.78051148874
3.71456216266
0
3.69602526054
3.01508747666
0
0
0
0
0
0
0
0
0
0
0
0
0
0
0
0
0
0
0
0
0
5.67135138289
5.77813760175
4.06336576738
4.32765547458
3.48419727296
4.85941016343
0
3.64527811345
8.17528461787
6.95099468758
8.0379750633
2.57993975029
0
0
3.78876061907
4.84068330735
7.17442303217
6.55965299177
5.08378066106
0
4.68721334218
0
0
0
0
0
