0
0
0
0
0
0
0
0
0
0
0
0
0
0
0
0
0
0
0
0
0
0
0
0
0
0
0
0
0
0
0
0
0
0
0
0
0
0
0
0
0
0
0
0
0
0
0
0
0
0
0
0
0
0
0
0
0
0
0
0
0
0
0
0
0
0
0
0
0
0
0
0
0
0
0
0
0
0
0
0
0
0
0
0
0
0
0
0
0
0
0
0
0
0
0
0
0
0
0
0
0
0
0
0
0
0
0
267
239
248
260
173
167
289
394
298
275
303
78
0
0
0
0
0
0
121
294
366
179
205
273
314
503
1220
366
0
0
0
0
0
0
0
0
0
0
0
0
0
0
0
0
51
38
43
40
43
41
40
74
60
103
78
83
92
79
43
101
55
135
55
36
163
63
48
57
70
54
199
66
77
135
117
87
125
87
86
86
66
60
121
107
75
91
118
49
71
80
68
56
68
37
61
51
6
0
9
29
36
26
34
47
24
34
17
23
19
36
34
59
68
64
41
80
73
72
77
61
64
54
69
44
53
101
98
119
52
47
17
57
69
97
98
85
11
70
11
46
0
0
0
