0
0
0
0
0
0
0
0
0
0
0
0
0
0
0
0
0
0
0
0
0
0
0
0
0
0
0
0
0
0
0
0
0
0
0
0
0
0
0
0
0
0
0
0
0
0
0
0
0
0
0
0
0
0
0
0
0
0
0
0
0
0
0
0
0
0
0
0
0
0
0
0
0
0
0
0
0
0
0
0
0
0
0
0
0
0
0
0
0
0
0
0
0
0
0
0
0
0
0
0
0
0
0
0
0
0
0
0
0
0
0
0
0
0
0
0
0
0
0
0
0
0
0
0
0
0
0
0
0
0
15.2468878221
10.7066704869
13.6086045458
6.72033021558
2.75436433193
36.2626585371
2.45774684498
1.99314535396
1.35200135358
5.28736697094
2.00441354806
4.01461310478
4.58269402179
12.7412488266
3.27882527183
3.44739810007
4.85588097491
2.84409772907
2.21163671614
1.41206616011
0
2.34890129189
2.38721775504
2.24213804049
2.4252605805
0
0
7.04705975431
3.1432583296
0
4.26742781344
0
3.96979825456
0
0
6.75918402677
3.3159743205
0
4.45342597752
0
0
0
0
0
0
0
0
0
0
6.79789987638
4.91880080829
6.46022382024
4.0549522556
7.54962752204
8.05230572427
7.33991574893
8.54298561707
7.53193370307
7.01000590166
2.50274530861
2.36962650359
0
0
2.58529798656
3.46248940359
3.078394055
3.23189390105
4.22651577252
4.95382124925
3.42381635842
4.50062947036
4.06498475209
3.64538898038
10.0487252284
9.66186016475
7.14266116731
7.01616678734
0
0
2.45052712917
3.98155060797
9.48672852776
8.14230606589
7.92450969877
3.31508869599
3.28707298452
3.5050867551
4.4573622292
3.78376790024
3.37714149452
3.24536865343
3.61410406894
2.92779933689
6.14316862491
5.06684930077
8.74110100289
2.35120303142
2.90408869126
2.8081229924
2.56243275401
3.91597439963
3.04926169364
3.27563256087
3.93020256478
0
0
3.34014493805
0
0
0
0
0
0
0
0
0
0
0
0
0
