0
0
0
0
0
0
0
0
0
0
0
0
0
0
0
0
0
0
0
0
0
0
0
0
0
0
0
0
0
0
0
0
0
0
0
0
0
0
0
0
0
0
0
0
0
0
0
0
0
0
0
0
0
0
0
0
0
0
0
0
0
0
0
0
0
0
0
0
0
0
0
0
0
0
0
0
0
0
0
0
17
14
4
12
10
10
17
24
48
6
23
71
10
20
12
84
3
14
9
6
1
1
9
0
6
3
4
4
12
11
12
13
14
3
17
25
0
25
6
23
15
10
22
22
23
28
15
9
14
334
211
200
283
189
94
783
131
102
68
188
83
134
145
337
127
127
157
102
80
53
49
66
63
56
55
11
31
93
53
49
65
42
60
49
46
84
51
23
56
0
0
71
30
57
58
72
40
54
83
85
71
91
66
109
125
127
154
153
155
70
63
49
10
51
61
54
54
65
74
56
69
65
60
138
155
137
144
45
24
51
71
143
143
154
81
77
78
92
81
73
69
73
60
105
93
148
56
62
58
52
70
57
58
65
46
42
50
40
45
0
0
0
0
0
0
0
0
0
0
0
