0
0
0
0
0
0
0
0
0
0
0
0
0
0
0
0
0
0
0
0
0
0
0
0
0
0
0
0
0
0
0
0
0
0
0
0
0
0
0
0
0
0
0
0
0
0
0
0
0
0
0
0
0
0
0
0
0
0
0
0
0
0
0
0
0
0
0
0
0
0
0
0
0
0
0
0
0
0
0
0
0
0
0
0
0
0
0
0
0
0
0
0
0
0
0
0
0
0
0
0
0
0
0
0
0
0
0
0
0
0
0
0
0
0
0
0
0
0
0
0
0
0
0
0
0
0
0
0
0
0
0
0
0
0
0
0
0
0
0
0
0
0
0
0
0
0
0
0
0
0
0
0
0
0
0
0
0
0
0
0
0
0
0
0
0
0
0
0
0
0
0
0
0
0
0
0
0
0
6.97632196079
5.13090074162
4.14223970812
4.13225873864
8.43876130414
5.7277942305
4.66871400322
4.59605940116
9.6102693281
2.86595773227
7.19478915035
4.35603090536
4.25345572952
6.00757848044
6.26921447344
3.00566553543
6.0375479506
0
8.87965289731
4.76840897044
2.79001643662
6.14948367989
2.11596566252
6.41038957724
5.26209822584
5.05551550257
4.73498428439
0
6.69307085409
5.66260216274
4.29387371559
4.16068970476
6.72365651667
3.92626617076
7.19663530012
5.91521577987
4.59972979616
5.03898375647
5.17950385143
1.9637767823
5.75999675528
3.90862374871
5.03708381703
8.32507939056
5.2561387749
5.05846384614
8.8845043285
5.98387996421
5.5845093722
7.08409120354
7.7984327305
5.00910306366
4.71317333793
4.92567964959
5.91454094066
7.20511522527
3.66069932208
3.81865200248
6.27238391649
5.46066152146
7.78285743802
5.71532257288
7.39146763989
6.16614452147
5.24752176472
0
9.13087373436
3.76003464749
3.78369044341
0
0
0
