0
0
0
0
0
0
0
0
0
0
0
0
0
0
0
0
0
0
0
0
0
0
0
0
0
0
0
0
0
0
0
0
0
0
0
0
0
0
0
0
0
0
0
0
0
0
0
0
0
0
0
0
0
0
0
0
0
0
0
0
0
0
0
0
0
0
0
0
0
0
0
0
0
0
0
0
0
0
0
0
0
0
0
0
0
0
0
0
0
0
0
0
0
0
0
0
0
0
0
0
0
0
0
0
0
0
0
0
0
0
0
0
0
0
0
0
0
0
0
0
0
0
0
0
0
0
0
0
0
0
0
0
0
0
0
0
0
0
0
0
0
0
1
9
4
7
9
9
4
10
9
11
8
8
8
2
7
24
35
19
19
23
27
29
18
63
54
60
66
45
65
38
59
29
70
64
21
79
82
69
60
60
108
88
78
78
144
61
123
87
85
112
121
69
117
49
155
103
67
121
53
122
109
107
103
31
124
113
93
90
132
90
145
131
110
118
123
56
124
93
112
172
128
125
201
159
155
192
220
162
154
158
183
220
131
130
190
174
237
194
245
222
198
16
271
141
137
0
0
0
