0
0
0
0
0
0
0
0
0
0
0
0
0
0
0
0
0
0
0
0
0
0
0
0
0
0
0
0
0
0
0
0
0
0
0
0
0
0
0
0
0
0
0
0
0
0
0
0
0
0
0
0
0
0
0
0
0
0
0
0
0
0
0
0
0
0
0
0
0
0
0
0
0
0
0
0
0
0
0
0
0
0
0
0
0
0
0
0
0
0
0
0
0
0
0
0
0
0
0
0
0
0
0
0
0
0
0
0
0
0
0
0
0
0
0
0
0
0
0
0
0
0
0
0
0
0
0
0
0
0
0
0
0
0
0
0
0
0
0
0
0
0
0
0
0
0
0
0
0
0
0
0
0
0
0
0
0
0
0
0
0
0
0
0
0
0
0
0
0
0
0
0
0
0
0
0
0
0
0
0
0
0
0
0
0
0
0
0
0
0
5.85545843442
5.69944995092
3.73476874376
8.77420111809
5.59775403221
5.17248858222
6.62272001126
3.63717540046
4.58983177623
7.50455792195
7.19433610782
8.14026418814
9.62722900245
4.08973312193
3.87771308293
3.62017572242
5.90232085439
9.2417684442
4.95870088519
4.37921917516
4.61159160713
3.87523990455
7.34128384729
5.2879438875
2.19141663098
2.47762113793
6.60927692811
5.96762105899
7.058538756
6.49557766683
4.39103823539
6.72362529885
7.00967303289
6.99700166277
5.22352314352
5.90778151355
6.09783166466
3.77099458259
3.78975234559
5.65110739745
4.34390617381
3.30614328272
5.70131047191
6.80330598186
6.41382987398
3.18919426697
2.73006081588
6.1115052516
6.94159917959
2.5716449096
2.94060815325
3.89074898913
6.36560060598
0
4.56635803817
7.43351906109
4.11885563121
0
0
0
