0
0
0
0
0
0
0
0
0
0
0
0
0
0
0
0
0
0
0
0
0
0
0
0
0
0
0
0
0
0
0
0
0
0
0
0
0
0
0
0
0
0
0
0
0
0
0
0
0
0
0
0
0
0
0
0
0
0
0
0
0
0
0
0
0
0
0
0
0
0
0
0
0
0
0
0
0
0
0
0
0
0
0
0
0
0
0
0
0
0
0
0
0
0
0
0
0
0
0
0
0
0
0
0
0
0
0
0
0
0
0
0
0
0
0
0
0
0
0
0
0
0
0
0
0
0
0
0
0
0
0
0
0
0
0
0
0
0
0
0
0
0
6
41
17
14
13
8
10
11
7
37
38
45
58
19
26
22
25
19
4
13
31
10
22
14
14
25
15
13
26
21
12
13
11
29
16
14
11
17
19
15
12
51
57
58
50
58
65
121
79
81
60
119
92
89
111
72
85
128
133
158
199
110
103
95
138
207
137
124
127
109
180
145
71
73
154
148
175
173
130
183
198
206
169
189
199
136
131
176
143
112
168
197
195
113
95
174
200
92
96
115
169
11
113
168
110
0
0
0
