0
0
0
0
0
0
0
0
0
0
0
0
0
0
0
0
0
0
0
0
0
0
0
0
0
0
0
0
0
0
0
0
0
0
0
0
0
0
0
0
0
0
0
0
0
0
0
0
0
0
0
0
0
0
0
0
0
0
0
0
0
0
0
0
0
0
0
0
0
0
0
0
0
0
0
0
0
0
0
0
0
0
0
0
0
0
0
0
0
0
0
0
0
0
0
0
0
0
0
0
0
0
0
0
0
0
0
0
0
0
0
0
0
0
0
0
0
0
0
0
0
0
0
0
0
0
0
0
0
0
0
0
0
0
0
0
0
0
0
0
0
0
0
0
0
0
0
0
0
0
0
0
0
0
0
0
0
0
0
0
0
0
0
0
0
0
0
0
0
0
0
0
0
0
0
0
0
0
0
0
0
0
0
0
0
0
0
0
0
29.3120101176
20.6836387743
7.9787192999
4.0737733061
4.522676687
3.81457686344
5.42673181572
4.85073893614
4.00708113194
4.4471260784
4.83537326381
4.19593935125
4.32396698724
4.61957845738
5.81663102493
3.74431266061
4.87866500527
10.0330078382
4.87818668795
5.8402679919
5.00614799401
3.8831811722
4.74893380706
3.05863550565
0
4.13690360803
3.36354700022
2.29683494215
4.17650909175
7.91063159798
4.25567795329
11.1447777729
7.76910345178
6.39036328938
6.68071289698
7.06865100488
4.33201732118
4.38087262864
5.54706822827
5.86749347302
0
0
0
3.38171499134
0
13.0611773743
5.23749206346
5.07954135906
4.42841785973
6.00964878794
5.47333989216
7.54159059819
4.43819256431
13.0307275179
0
0
0
0
0
0
0
