0
0
0
0
0
0
0
0
0
0
0
0
0
0
0
0
0
0
0
0
0
0
0
0
0
0
0
0
0
0
0
0
0
0
0
0
0
0
0
0
0
0
0
0
0
0
0
0
0
0
0
0
0
0
0
0
0
0
0
0
0
0
0
0
0
0
0
0
0
0
0
0
0
0
0
0
0
0
0
0
0
0
0
0
0
0
0
0
0
0
0
0
0
0
0
0
0
0
0
0
0
0
0
0
0
0
0
0
0
0
0
0
0
0
0
0
0
0
0
0
0
0
0
0
0
0
0
0
0
0
0
0
0
0
0
0
0
0
0
0
0
0
0
0
0
0
0
0
0
0
0
0
0
0
0
0
0
0
0
6
7
3
7
4
1
17
10
9
15
3
9
22
9
10
8
3
0
9
9
9
20
6
51
16
8
101
0
120
121
293
352
216
132
140
120
156
143
122
129
136
119
118
123
149
107
131
241
150
175
158
127
144
99
0
102
85
60
90
151
98
216
186
170
184
203
142
141
168
178
37
38
0
74
0
186
106
106
97
125
120
163
113
278
0
0
37
18
0
0
0
