0
0
0
0
0
0
0
0
0
0
0
0
0
0
0
0
0
0
0
0
0
0
0
0
0
0
0
0
0
0
0
0
0
0
0
0
0
0
0
0
0
0
0
0
0
0
0
0
0
0
0
0
0
0
0
0
0
0
0
0
0
0
0
0
0
0
0
0
0
0
0
0
0
0
0
0
0
0
0
0
0
0
0
0
0
0
0
0
0
0
0
0
0
0
0
0
0
0
0
0
0
0
0
0
0
0
0
0
0
0
0
0
0
0
0
0
0
0
0
0
0
0
0
0
0
0
0
0
0
0
0
0
0
0
0
0
0
0
0
0
0
0
0
0
0
0
0
11.3458755269
10.3206051406
13.1150351357
9.55109291471
8.66665508825
7.78887603984
6.1258026713
5.28692829642
4.82282867731
5.40347563624
4.96306630797
4.2064503287
4.70308848024
4.68657501382
5.34884174997
5.67593760166
3.25964395256
4.92188840511
6.96351861364
4.66246803042
4.73923500031
6.30058552629
6.43721702079
6.57749663411
5.5769362554
4.41433323766
4.67449081979
4.13191568718
2.01369679465
2.38958042695
8.25456701934
5.48845601852
8.90160484529
8.69288723534
7.88539763074
7.01239352994
6.2803187147
2.82228435231
1.36727358093
6.55601513158
6.87168124414
5.23301033605
4.97154532151
5.87171063774
5.63893756881
4.8986674385
4.19048224046
4.842658576
8.3947453307
6.34489930384
4.89893017051
4.6246837994
4.44837236632
5.50608373822
5.71959513637
6.99637870664
5.86149994487
4.76675393973
3.23946090912
3.53575591268
5.56224096703
4.49468338962
4.89178505501
4.92152824
5.24483616671
3.39535544685
3.11039275563
6.33292402268
6.80655580753
3.65894402732
4.40414813713
3.26024096861
0
8.50809359957
2.03778321162
2.80409232028
2.46189598468
6.09729674058
6.30254942042
0
7.41919908493
3.63239265967
4.31796427707
4.99685811192
4.15248846696
8.87288370285
5.83866452469
6.92993597273
4.87185586908
3.59924905173
4.46015794787
9.91470950131
5.51374998563
3.50324292379
5.37874197135
0
0
4.08530685936
2.80626316545
4.9634095968
0
0
0
