0
0
0
0
0
0
0
0
0
0
0
0
0
0
0
0
0
0
0
0
0
0
0
0
0
0
0
0
0
0
0
0
0
0
0
0
0
0
0
0
0
0
0
0
0
0
0
0
0
0
0
0
0
0
0
0
0
0
0
0
0
0
0
1
0
0
0
0
0
0
0
0
0
0
44
0
0
0
0
0
0
0
0
0
0
0
0
1
0
0
0
0
0
0
0
0
0
0
0
0
0
0
0
0
0
0
0
1
2
3
3
2
0
7
1
0
0
1
12
5
5
4
3
1
2
5
5
4
3
27
25
31
36
36
29
41
28
24
22
28
29
23
13
37
27
52
143
121
135
193
181
188
189
166
151
141
154
144
125
134
132
146
155
100
135
182
138
139
176
186
196
177
147
151
135
73
77
200
154
234
251
251
242
230
121
63
207
224
185
177
201
196
175
152
167
265
228
189
178
170
199
206
246
220
187
134
137
191
161
170
170
178
124
110
189
208
129
145
111
0
200
67
80
68
134
142
27
150
89
100
113
97
180
141
168
131
101
117
224
154
108
147
22
18
90
65
98
0
0
0
