0
0
0
0
1
1
0
3
0
1
3
1
0
1
0
0
0
0
0
1
0
0
0
0
0
0
0
0
0
0
0
0
1
0
0
0
0
1
0
0
0
0
1
0
0
1
0
0
0
0
0
0
0
0
0
0
1
0
0
0
0
0
0
0
0
0
0
0
0
0
0
0
0
0
0
0
3
0
0
0
0
1
0
0
0
1
1
0
0
1
0
0
0
0
0
0
0
0
0
0
0
0
0
0
0
0
0
17
0
0
3
0
0
0
63
0
0
0
2434
645
2382
427
0
0
0
0
0
1
0
0
0
0
1723
1
0
0
1
92
17
21
0
24
199
0
0
0
0
19
1
0
0
0
0
0
0
0
0
1
1
0
1
3
2
1
0
2
1
0
6
1
2
0
0
0
2
4
0
0
1
0
0
0
0
0
2
0
1
0
1
0
0
2
0
2
0
0
0
1
2
0
2
0
2
1
0
1
1
1
0
1
1
3
1
1
1
1
2
2
2
1
1
1
1
2
2
0
1
1
0
1
0
1
1
0
0
2
0
2
1
0
2
0
0
0
2
0
1
0
0
0
