0
0
0
0
0
0
0
0
0
0
0
0
0
0
0
0
0
0
0
0
0
0
0
0
0
0
0
0
0
0
0
0
0
0
0
0
0
0
0
0
0
0
0
0
0
0
0
0
0
0
0
0
0
0
0
0
0
0
0
0
0
0
0
0
0
0
0
0
0
0
0
0
0
0
0
0
0
0
0
0
0
0
0
0
0
0
0
0
0
0
0
0
0
0
0
0
0
0
0
0
0
0
0
0
0
0
0
0
0
0
0
0
0
0
0
0
0
0
0
0
0
0
0
0
0
0
0
0
0
0
0
0
0
0
0
0
0
0
0
0
0
0
0
0
0
0
0
0
0
0
0
0
0
0
18.1976587267
13.8229460297
11.9459657887
7.99896658646
0
2.39579626525
0
0
0
0
2.76220033878
0
0
4.19792385843
0
0
0
0
0
0
0
0
0
0
0
0
0
0
0
0
0
0
0
0
0
0
0
0
6.08931484039
5.19287375551
4.6132686331
5.2398706807
4.8762970899
4.35079225776
4.49171565479
0
0
0
0
0
0
0
0
0
0
0
7.65651922076
8.7506600505
6.51505265819
5.32372052592
5.00073516864
4.63731681829
4.69282676112
5.1449123991
6.70055403419
6.77614288541
5.07445097726
5.72503513923
3.99709302674
5.64291296839
4.02718824817
5.1594961915
4.7626475547
4.71086585115
3.92582827754
3.2181025931
4.05859425996
3.89351264562
4.83296536924
4.00687751829
4.56117572391
4.59963937141
4.82162091723
3.02340529837
3.89556428594
4.28231610256
4.05563448157
4.61617656637
4.1503670983
0
4.49688291454
4.01643305208
0
0
0
0
