0
0
0
0
0
0
0
0
0
0
0
0
1
0
0
1
0
0
0
0
0
0
1
0
0
0
0
0
0
0
0
0
0
0
0
0
0
0
0
0
0
0
0
0
0
0
0
0
0
0
0
0
0
0
0
0
0
0
0
0
0
0
0
0
0
0
0
0
0
0
0
0
0
0
0
0
1
7
0
0
0
0
1
0
2
1
1
0
0
0
1
0
0
1
0
0
0
0
0
0
0
0
0
0
0
0
0
2
0
0
0
1
0
0
0
0
0
0
0
0
0
0
0
0
0
0
0
0
0
0
0
0
0
0
0
0
0
0
0
0
0
0
0
0
0
0
2
103
36
13
89
136
42
90
197
213
233
196
40
69
49
45
23
49
51
42
36
59
21
35
38
34
24
15
31
30
35
20
34
28
19
4
23
13
30
26
21
35
75
80
64
78
74
69
65
73
71
66
68
31
21
11
13
1
24
36
34
59
83
90
92
114
101
91
89
85
86
93
117
124
103
115
88
115
90
109
104
104
90
75
87
83
97
84
92
93
97
67
79
84
80
88
81
8
74
68
30
0
0
0
