0
0
0
0
0
0
0
0
0
0
0
0
0
0
0
0
0
0
0
0
0
0
0
0
0
0
0
0
0
0
0
0
0
0
0
0
0
0
0
0
0
0
0
0
0
0
0
0
0
0
0
0
0
0
0
0
0
0
0
0
0
0
0
0
0
0
0
0
0
0
0
0
0
0
0
0
0
0
0
0
0
0
0
0
0
0
0
0
0
0
0
0
0
0
0
0
0
0
0
0
0
0
0
0
0
0
0
0
0
0
0
0
0
0
0
0
0
0
0
0
0
0
0
0
0
0
0
0
0
0
0
0
0
0
0
0
0
0
0
0
0
0
0
0
0
0
0
0
0
0
0
0
0
0
0
0
0
0
0
0
0
0
0
0
0
0
0
0
0
0
0
0
0
0
0
0
0
0
0
0
0
0
0
0
0
0
0
0
0
0
0
0
0
0
0
0
0
0
0
0
0
0
0
0
0
0
0
0
0
0
0
0
0
0
0
30.7248329771
7.92584134861
11.7154446915
6.45296043135
9.42934295485
10.7233254833
6.63986161905
1.2867824719
3.93510380336
2.69736387845
0
3.46731177504
2.52938841164
12.9952885693
5.68786886723
8.42348386739
8.77798353383
12.5564674203
5.32214395646
3.614346951
3.44827510222
1.30750776473
11.4125826526
3.01299129564
6.7566025859
7.9900828725
5.31745133895
6.11966399516
0
12.4145177885
4.44482338671
4.15715465707
0
0
0
