0
0
0
0
0
0
0
0
0
0
0
0
0
0
0
0
0
0
0
0
0
0
0
0
0
0
0
0
0
0
0
0
0
0
0
0
0
0
0
0
0
0
0
0
0
0
0
0
0
0
0
0
0
0
0
0
0
0
0
0
0
0
0
0
0
0
0
0
0
0
0
0
0
0
0
0
0
0
0
0
0
0
0
0
0
0
0
0
0
0
0
0
0
0
0
0
0
0
0
0
0
0
0
0
0
0
0
0
0
0
0
0
0
0
0
0
0
0
0
0
0
0
0
0
0
0
0
0
0
0
0
0
0
0
0
0
0
0
0
28
29
3
3
1
1
15
1
0
11
0
2
4
2
1
7
1
2
1
2
2
2
8
2
6
4
2
3
3
7
3
5
2
4
1
2
5
2
1
2
2
2
1
3
10
22
23
20
25
34
26
23
19
27
24
15
22
21
22
25
18
22
23
22
19
21
21
22
10
17
23
24
18
124
33
154
315
164
247
175
250
309
233
62
138
98
4
94
70
254
153
217
244
364
208
152
141
61
332
124
228
271
202
225
2
351
173
162
0
0
0
