0
0
0
0
0
0
0
0
0
0
0
0
0
0
0
0
0
0
0
0
0
0
0
0
0
0
0
0
0
0
0
0
0
0
0
0
0
0
0
0
0
0
0
0
0
0
0
0
0
0
0
0
0
0
0
0
0
0
0
0
0
0
0
0
0
0
0
0
0
0
0
0
0
0
0
0
0
0
0
0
0
0
0
0
0
0
0
0
0
0
0
0
0
0
0
0
0
0
0
0
0
0
0
0
0
0
0
0
0
0
0
0
0
0
0
0
0
0
0
0
0
0
0
0
0
0
0
0
0
0
0
0
0
0
0
0
0
0
0
0
0
0
0
0
0
0
15.9373267751
11.6597631441
7.49008595862
0
1.66413208771
2.29282879527
2.35802853381
0
0
0
4.92894828762
4.53229870224
3.41353369915
0
3.56631641592
3.4359312674
3.48265860273
0
0
6.31106409654
4.32764596091
6.54702484456
3.69161465793
5.20226679869
4.6181080546
5.24854813666
3.76097275642
4.72847781625
0
3.79183648557
3.09776482047
5.2749500381
6.0315340433
3.09887786092
3.8341194518
4.19609330391
4.83362829856
4.32240907394
4.98883426359
4.81257437298
4.65461583225
5.17071853941
3.28511807761
3.91577189705
2.88961239514
3.93687870435
4.22129271182
3.8374357678
3.35769088134
5.07303306961
4.91842432812
3.48058650863
3.05196581226
3.18424806709
0
3.90444720528
0
0
0
0
0
0
0
0
0
0
0
0
0
0
0
0
0
0
0
0
0
0
0
5.19674243359
5.34081518851
0
0
0
0
0
0
0
0
0
6.47121872786
6.20843908763
5.63369473209
3.44104260032
4.50014658808
3.72546040104
3.21892348425
0
3.94168998908
3.85772891284
0
0
0
0
