0
0
0
0
0
0
0
0
0
0
0
0
0
0
0
0
0
0
0
0
0
0
0
0
0
0
0
0
0
0
0
0
0
0
0
0
0
0
0
0
0
0
0
0
0
0
0
0
0
0
0
0
0
0
0
0
0
0
0
0
0
0
0
0
0
0
0
0
0
0
0
0
0
0
0
0
0
0
0
0
0
0
0
0
0
0
0
0
0
0
0
0
0
0
0
0
0
0
0
0
0
0
0
0
0
0
0
0
0
0
0
0
0
0
0
0
0
0
0
0
0
0
0
0
0
0
0
0
0
0
0
0
0
0
0
0
0
0
0
0
2
12
35
58
37
391
254
250
201
40
55
65
62
42
44
39
78
73
58
46
58
57
58
46
46
91
69
95
62
79
74
83
65
77
45
62
52
77
88
54
62
66
74
69
78
78
77
85
60
67
52
64
67
62
55
75
75
58
51
51
48
57
39
41
42
31
37
45
52
37
38
40
38
47
44
35
24
35
33
62
67
56
57
53
52
63
67
36
34
28
49
39
36
42
53
81
76
79
78
55
67
58
51
9
51
50
48
0
0
0
