0
0
0
0
0
0
0
0
0
0
0
0
0
0
0
0
0
0
0
0
0
0
0
0
0
0
0
0
0
0
0
0
0
0
0
0
0
0
0
0
0
0
0
0
0
0
0
0
0
0
0
0
0
0
0
0
0
0
0
0
0
0
0
0
0
0
0
0
0
0
0
0
0
0
0
0
0
0
0
0
0
0
0
0
0
0
0
0
0
0
0
0
0
0
0
0
0
0
0
0
0
0
0
0
0
0
0
0
0
0
0
0
0
0
0
0
0
0
0
0
0
0
0
0
0
0
0
0
0
0
0
0
0
0
0
0
0
0
0
0
0
0
0
0
0
0
0
0
0
0
0
0
0
0
0
0
0
0
0
0
0
0
0
0
0
0
0
0
0
0
0
0
4.85167761307
4.46208626716
4.34374058847
0
0
0
7.83956301302
7.39744808629
6.15635728603
4.20218883721
7.64651644379
5.23900454734
0
0
0
0
0
0
0
0
8.43842946728
7.13826337636
5.40517986496
5.60934563557
4.22229721622
4.86513953408
4.79938172303
5.2921090947
5.4911558679
5.10318737894
4.75399490421
4.32128883451
3.98859286856
3.01045303194
4.01462900705
5.77903404262
4.03254096663
4.72365542181
4.59770683381
3.1323326144
4.05755167114
0
5.14139648
4.82851297131
4.57814037941
5.45991527651
5.13004333
4.31466144509
4.60428950901
5.12979602008
4.73528074837
5.22198105015
4.97461058951
4.77331806864
4.783860606
4.61451672294
4.68624246892
4.36014330916
4.08500934886
0
4.93610810605
0
0
6.2136376721
4.04462543574
0
0
9.37799048096
11.6631077569
8.32037973649
4.77239763567
0
0
0
0
0
0
0
