0
0
0
0
0
0
0
0
0
0
0
0
0
0
0
0
0
0
0
0
0
0
0
0
0
0
0
0
0
0
0
0
1
0
0
0
0
0
0
0
0
0
0
0
0
0
0
0
0
0
0
0
0
0
0
0
0
0
0
0
0
0
0
0
0
0
0
0
0
0
0
0
0
0
0
0
0
0
0
0
0
0
0
0
0
0
0
0
0
0
0
0
0
0
0
0
0
0
0
0
0
0
0
0
0
0
0
0
0
0
0
0
0
0
0
0
0
0
0
0
0
0
0
0
0
0
0
0
0
0
0
0
0
0
0
0
0
0
0
0
0
0
0
0
0
0
0
0
0
0
0
24
47
0
0
0
0
0
0
0
0
0
0
0
12
128
80
75
79
23
35
166
74
70
69
12
0
82
90
95
90
70
113
91
41
0
2
43
3
46
31
179
114
110
94
100
83
94
94
103
108
104
98
90
83
65
79
106
82
93
92
68
80
4
82
80
78
91
89
79
83
91
87
95
94
92
93
91
92
87
82
0
80
4
37
80
60
47
35
108
149
135
95
0
0
36
35
0
0
0
