7
2
9
8
6
10
3
4
2
3
10
7
7
4
8
9
9
18
9
6
3
10
5
7
25
6
4
10
13
6
5
3
4
3
2
6
5
3
2
6
14
8
11
14
13
11
13
12
21
15
4
1
1
2
7
4
2
2
0
0
3
3
0
0
1
0
1
4
14
10
7
17
15
12
20
3
3
2
1
0
1
0
3
9
9
11
7
10
11
8
6
11
6
6
7
7
5
4
7
8
4
4
3
1
1
2
2
0
1488
1917
126
122
100
65
178
185
107
118
188
55
69
100
47
29
24
31
4
6
6
7
3
4
11
5
5
7
2
5
3
5
6
6
5
3
6
6
5
0
0
0
0
0
0
1
0
0
0
0
0
1
0
0
0
0
1
1
1
1
0
0
0
0
0
0
0
0
0
0
0
0
3
2
0
1
1
1
0
0
0
0
1
1
0
2
2
0
0
0
0
2
4
4
2
1
2
2
3
1
1
1
1
1
2
2
0
2
2
0
0
0
5
3
3
1
12
3
4
3
2
3
11
4
5
2
0
4
9
23
5
1
6
5
11
1
12
14
8
0
0
0
