0
0
0
0
0
0
0
0
0
0
0
0
0
0
0
0
0
0
0
0
0
0
0
0
0
0
0
0
0
0
0
0
0
0
0
0
0
0
0
0
0
0
0
0
0
0
0
0
0
0
0
0
0
0
0
0
0
0
0
0
0
0
0
0
0
0
0
0
0
0
0
0
0
0
0
0
0
0
0
0
0
0
0
0
0
0
0
0
0
0
0
0
0
0
0
0
0
0
0
0
0
0
0
0
0
0
0
0
0
0
0
0
0
0
0
0
0
0
0
0
0
0
0
0
0
0
0
0
0
0
0
0
0
0
0
0
0
0
0
0
0
0
0
0
0
0
0
0
0
0
0
0
0
0
0
0
0
0
0
0
0
0
0
0
0
0
0
0
0
0
0
0
0
0
0
0
0
0
0
0
0
0
0
0
0
0
0
0
0
0
0
11.8185385565
10.4396772002
6.47459866207
5.12313988375
6.95244860183
8.74915562676
6.49145684385
4.36909395573
4.23730595015
4.90303409738
4.59837260175
5.98546911876
5.39134609235
5.19392528122
3.20252049231
6.26979218971
5.30609309847
5.21321210778
4.78972294818
3.70848198306
4.6238292591
3.75527111389
1.97498674478
2.31970972363
2.56186069236
2.62614929308
3.50483674732
4.42124787619
4.02340860372
5.13855712466
4.66379193738
4.35714220135
4.17180559231
4.11709855518
3.95021094083
3.15531139553
2.474423489
2.99719484737
0
3.32712996838
3.29121836243
0
0
4.05573050517
4.68471675757
5.1997531308
4.42807808903
5.12191286944
4.67831874857
4.97485845412
4.12787726078
5.84941810856
0
8.8951041722
7.52436341901
6.2132810492
0
0
0
