0
0
0
0
0
0
0
0
0
0
0
0
0
0
0
0
0
0
0
0
0
0
0
0
0
0
0
0
0
0
0
0
0
0
0
0
0
0
0
0
0
0
0
0
0
0
0
0
0
0
0
0
0
0
0
0
0
0
0
0
0
0
0
0
0
0
0
0
0
0
0
0
0
0
0
0
0
0
0
0
0
0
0
0
0
0
0
0
0
0
0
0
0
0
0
0
0
0
0
0
0
0
0
0
0
0
0
0
0
0
0
0
0
0
0
0
0
0
0
0
0
0
0
0
0
0
0
0
0
0
0
0
0
0
0
0
0
0
0
0
0
0
0
0
0
0
0
0
0
0
0
0
0
0
0
0
0
0
0
1
0
0
0
0
0
0
0
0
3
18
29
21
15
21
16
24
17
26
46
39
53
47
44
46
48
47
45
58
64
53
90
135
147
115
100
131
169
146
110
106
118
112
138
130
128
87
145
131
131
124
101
118
99
57
60
61
59
70
82
76
92
87
83
80
79
76
63
50
55
37
53
51
45
48
55
62
69
63
72
69
74
65
86
13
111
109
101
0
0
0
