0
0
0
0
0
0
0
0
0
0
0
0
0
0
0
0
0
0
0
0
0
0
0
0
0
0
0
0
0
0
0
0
0
0
0
0
0
0
0
0
0
0
0
0
0
0
0
0
0
0
0
0
0
0
0
0
0
0
0
0
0
0
0
0
0
0
0
0
0
0
0
0
0
0
0
0
0
0
0
0
0
0
0
0
0
0
0
0
0
0
0
0
0
0
0
0
0
0
0
0
0
0
0
0
0
0
0
0
0
0
0
0
0
0
0
0
0
0
0
0
0
0
0
0
0
0
0
0
0
0
0
0
0
0
0
0
0
0
0
0
0
0
0
0
0
0
0
0
0
0
0
0
0
0
0
0
0
0
0
0
0
0
0
0
0
0
4.98842304596
7.66873763912
3.1427689915
5.04377245229
5.20540960735
3.95848007378
4.44368799974
5.3742588899
2.93711263052
3.12266624984
0
0
6.11788298063
4.63830523275
7.70494992794
5.69004239707
4.95984951011
3.29499075133
4.06183745408
3.20273860762
0
5.05332333772
4.60146661201
3.40091200152
3.89786934867
4.2155506393
5.12110137672
3.86285191005
0
4.90325364073
5.07789015302
3.54494612
0
3.62151100677
0
4.16124553174
0
3.6636402154
3.98179946552
0
4.29246732053
0
0
0
0
0
0
0
0
0
0
0
0
0
10.5272325639
7.28290697626
7.95677861972
3.31615109922
2.99322503793
4.93909126075
4.54523246941
0
2.9344907176
0
0
0
0
0
0
0
4.6818494632
7.81057895921
6.01682260007
5.16744471469
6.07018536062
4.17090966695
13.4667943192
0
5.34274380315
5.24487652839
5.62239656652
0
0
0
