0
0
0
0
0
0
0
0
0
0
0
0
0
0
0
0
0
0
0
0
0
0
0
0
0
0
0
0
0
0
0
0
0
0
0
0
0
0
0
0
0
0
0
0
0
0
0
0
0
0
0
0
0
0
0
0
0
0
0
0
0
0
0
0
0
0
0
0
0
0
0
0
0
0
0
0
0
0
0
0
0
0
0
0
0
0
0
0
0
0
0
0
0
0
0
0
0
0
0
0
0
0
0
0
0
0
0
0
0
0
0
0
0
0
0
0
0
0
0
0
0
0
0
0
0
0
0
0
0
0
0
0
0
0
0
0
0
0
0
0
0
0
0
0
0
0
0
0
0
2
1
4
33
20
13
24
79
77
57
48
68
52
61
54
42
83
65
94
50
71
75
62
68
80
51
52
43
46
79
67
103
88
82
60
69
57
45
76
72
57
62
65
76
62
44
71
75
58
42
55
43
58
41
50
53
44
55
47
42
42
35
39
36
66
55
49
37
58
41
79
117
102
119
64
57
82
78
47
52
31
45
35
31
32
45
75
59
92
83
78
92
71
186
12
92
93
100
0
0
0
