0
0
0
0
0
0
0
0
0
0
0
0
0
0
0
0
0
0
0
0
0
0
0
0
0
0
0
0
0
0
0
0
0
0
0
0
0
0
0
0
0
0
0
0
0
0
0
0
0
0
0
0
0
0
0
0
0
0
0
0
0
0
0
0
0
0
0
0
0
0
0
0
0
0
0
0
0
0
0
0
0
0
0
0
0
0
0
0
0
0
0
0
0
0
0
0
0
0
0
0
0
0
0
0
0
0
0
0
0
0
0
0
0
0
0
3
0
0
0
0
0
0
0
0
0
0
0
0
0
0
2
1
0
1
0
0
0
0
0
0
0
0
0
0
0
0
0
1
0
1
9
32
43
27
41
31
0
9
3
42
17
15
25
17
2
58
32
40
35
17
30
99
40
39
39
8
0
43
52
43
49
32
52
48
18
56
47
3
189
100
221
216
130
91
28
39
33
30
34
28
39
43
41
37
36
30
44
48
33
42
47
43
54
3
49
38
42
55
59
48
46
41
47
41
39
43
48
41
41
34
39
0
50
24
187
142
89
168
199
141
232
325
277
8
6
110
78
0
0
0
