0
0
0
0
0
0
0
0
0
0
0
0
0
0
0
0
0
0
0
0
0
0
0
0
0
0
0
0
0
0
0
0
0
0
0
0
0
0
0
0
0
0
0
0
0
0
0
0
0
0
0
0
0
0
0
0
0
0
0
0
0
0
0
0
0
0
0
0
0
0
0
0
0
0
0
0
0
0
0
0
0
0
0
0
0
0
0
0
0
0
0
0
0
0
0
0
0
0
0
0
0
0
0
0
0
0
0
0
0
0
0
0
0
0
0
0
0
0
0
0
0
0
0
0
0
0
0
0
0
0
0
0
0
0
0
0
0
0
0
0
0
0
0
0
0
0
0
0
0
0
0
0
0
7.88396557069
17.8242289979
13.6608304832
11.88702689
7.97335517854
1.53061228023
4.13962327331
4.83234039008
2.30807580012
0
2.77005070436
3.87913956088
4.99940759738
4.52449325426
5.10555726
2.47404873252
2.7755105658
4.75662952188
4.39636968603
0
0
4.65571986542
4.46926224657
4.43064491732
3.67855203608
5.41895518945
4.39215021426
3.34968212789
0
3.70578929713
3.78242818494
4.45388504715
3.34094967543
4.22123604564
5.81319051323
9.08596872813
8.21439990601
6.15685878934
7.29981673329
6.49790886355
5.6988708979
5.09599325251
6.01677108788
6.03870773662
5.44732371352
6.50598790535
3.1205442155
2.08588339256
0
5.47817619325
0
5.02997934741
6.40343446695
3.97135453439
7.59673399799
9.19507790006
8.34367559275
7.62961557811
7.86822227807
6.67885556563
5.92445798352
6.1315698304
4.78517214187
6.30276474747
7.43534163699
9.19906468259
7.85956008862
5.76268263439
6.40951070077
4.86273350985
6.20566009245
4.77548584161
5.43874826098
5.2641450709
5.82207357752
4.62223380719
4.68908969911
5.06538040288
4.98059264043
5.74709463639
5.41876040107
4.91646537428
5.4769790214
6.13339212109
4.09758623733
5.30950407506
4.77211639173
4.33850583573
4.87139203552
4.42871674622
0
4.80730408104
4.49230655246
4.11483611947
0
0
0
