0
0
0
0
0
0
0
0
0
0
0
0
0
0
0
0
0
0
0
0
0
0
0
0
0
0
0
0
0
0
0
0
0
0
0
0
0
0
0
0
0
0
0
0
0
0
0
0
0
0
0
0
0
0
0
0
0
0
0
0
0
0
0
0
0
0
0
0
0
0
0
0
0
0
0
0
0
0
0
0
0
0
0
0
0
0
0
0
0
0
0
0
0
0
0
0
0
0
0
0
0
0
0
0
0
0
0
0
0
0
0
0
0
0
0
0
0
0
0
0
0
0
0
0
0
0
0
0
0
0
0
0
0
0
0
0
0
0
0
0
0
0
0
0
0
25
9
104
36
12
89
136
42
90
197
213
233
196
54
110
123
67
25
64
80
96
89
98
55
58
87
83
44
25
76
74
73
62
82
72
58
32
56
57
65
52
61
79
119
124
108
130
127
120
113
131
136
129
152
86
59
36
108
14
90
112
80
135
172
177
180
199
187
176
186
155
193
228
287
273
222
245
199
241
198
218
213
232
193
191
200
196
219
211
195
212
235
171
206
188
171
184
168
16
151
142
130
0
0
0
