0
0
0
0
0
0
0
0
0
0
0
0
0
0
0
0
0
0
0
0
0
0
0
0
0
0
0
0
0
0
0
0
0
0
0
0
0
0
0
0
0
0
0
0
0
0
0
0
0
0
0
0
0
0
0
0
0
0
0
0
0
0
0
0
0
0
0
0
0
0
0
0
0
0
0
0
0
0
0
0
0
0
0
0
0
0
0
0
0
0
0
0
0
0
0
0
0
2
6
3
3
7
10
9
9
5
4
7
8
9
6
0
0
4
17
6
17
20
17
17
23
22
24
23
26
24
25
24
13
13
11
16
27
21
18
29
27
25
33
25
35
31
44
71
52
55
142
219
254
129
113
130
90
83
82
193
104
30
36
40
33
29
41
30
34
67
9
9
12
8
10
8
13
8
8
14
8
8
8
12
26
18
28
17
18
21
25
16
22
20
16
25
23
19
22
20
15
19
15
28
38
18
17
33
27
21
25
51
47
31
35
41
47
56
51
44
50
40
55
65
42
37
50
60
67
32
35
36
32
38
27
55
34
28
41
69
74
66
108
66
71
69
52
10
77
62
45
0
0
0
