0
0
0
0
0
0
0
0
0
0
0
0
0
0
0
0
0
0
0
0
0
0
0
0
0
0
0
0
0
0
0
0
0
0
0
0
0
0
0
0
0
0
0
0
0
0
0
0
0
0
0
0
0
0
0
0
0
0
0
0
0
0
0
0
0
0
0
0
0
0
0
0
0
0
0
0
0
0
0
0
0
0
0
0
0
0
0
0
0
0
0
0
0
0
0
0
0
0
0
0
0
0
0
0
0
0
0
0
0
0
0
0
0
0
0
0
0
0
0
0
0
0
0
0
0
0
0
0
0
0
0
0
0
0
0
0
0
0
0
0
0
0
0
0
0
0
0
0
0
0
0
0
0
0
0
0
0
0
0
0
0
0
0
0
0
0
0
0
0
0
0
0
0
0
0
0
0
0
0
0
0
0
0
0
0
0
0
0
0
0
0
0
0
0
0
0
0
0
0
0
0
0
0
0
0
0
0
0
0
0
0
0
0
0
0
4.88057177081
0
6.26197262621
9.80729143548
5.49070075048
5.41750975036
16.0772141707
10.6321448745
4.49759226888
3.04926225407
4.67591591574
0
4.4045120688
4.83792544355
0
9.27434142289
8.43404672202
6.00241379529
5.0401098564
4.11284440633
4.55548816587
5.28168379965
3.95531042977
3.98184203983
0
10.0126853147
9.68022079215
5.40195934347
1.86833586746
11.8566328341
7.35593975441
4.05762315269
0
0
0
