0
0
0
0
0
0
0
0
0
0
0
0
0
0
0
0
0
0
0
0
0
0
0
0
0
0
0
0
0
0
0
0
0
0
0
0
0
0
0
0
0
0
0
0
0
0
0
0
0
0
0
0
0
0
0
0
0
0
0
0
0
0
0
0
0
0
0
0
0
0
0
0
0
0
0
0
0
0
0
0
0
0
0
0
0
0
0
0
0
0
0
0
0
0
0
0
0
0
0
0
0
0
0
0
0
0
0
0
0
0
0
0
0
0
0
0
0
0
0
0
0
0
0
0
0
0
0
1
0
0
0
0
0
23
50
55
69
35
31
56
68
59
40
40
46
59
45
3
66
13
10
7
9
9
4
5
4
5
8
3
10
5
6
8
12
9
9
7
9
8
7
7
6
5
10
9
10
9
7
5
8
6
9
13
17
14
16
14
17
20
15
32
25
31
25
21
20
23
23
18
18
16
13
13
17
15
9
10
2
12
11
11
35
92
142
60
45
74
114
82
84
214
196
110
79
106
35
91
98
29
152
159
131
117
100
107
121
98
97
13
179
198
135
57
240
189
122
0
0
0
