0
0
0
0
0
0
0
0
0
0
0
0
0
0
0
0
0
0
0
0
0
0
0
0
0
0
0
0
0
0
0
0
0
0
0
0
0
0
0
0
0
0
0
0
0
0
0
0
0
0
0
0
0
0
0
1
2
1
2
2
11
5
3
3
4
3
2
5
2
3
2
1
5
5
0
2
0
10
4
4
11
6
5
22
21
3
0
3
17
0
5
10
20
17
19
63
3
15
2
11
11
1
3
4
34
39
1164
2417
382
34
69
17
29
30
64
44
16
51
20
25
28
37
25
25
43
27
12
24
25
35
35
36
16
27
26
26
12
28
8
8
6
4
26
12
15
12
14
13
15
4
3
4
1
0
0
0
0
0
0
0
1
0
0
0
0
0
0
0
1
0
0
0
0
0
0
0
0
0
0
0
0
1
0
0
0
0
0
0
0
0
0
0
0
0
1
0
0
0
0
0
0
0
0
0
0
0
0
0
0
0
0
0
0
0
0
0
0
0
0
0
0
0
0
0
0
0
0
0
0
0
0
0
0
0
0
0
0
0
0
0
0
0
0
0
0
0
0
0
0
0
