0
0
0
0
0
0
0
0
0
0
0
0
0
0
0
0
0
0
0
0
0
0
0
0
0
0
0
0
0
0
0
0
0
0
0
0
0
0
0
0
0
0
0
0
0
0
0
0
0
0
0
0
0
0
0
0
0
0
0
0
0
0
0
0
0
0
0
0
0
0
0
0
0
0
0
0
0
0
0
0
0
0
0
0
0
0
0
0
0
0
0
0
0
0
0
0
0
0
0
0
0
0
0
0
0
0
0
0
0
0
0
0
0
0
0
0
0
0
0
18
30
60
39
49
23
40
43
27
34
37
26
33
44
41
40
40
18
33
9
7
17
63
24
37
14
0
12
32
3
12
16
37
47
42
54
40
35
20
27
44
49
38
47
46
36
85
94
87
145
91
60
38
66
77
99
59
71
61
70
70
65
82
59
60
47
32
85
63
76
120
95
71
100
53
48
43
52
70
35
35
42
41
46
31
33
22
37
24
15
14
21
67
51
27
29
44
44
23
25
58
39
32
37
22
15
44
20
34
38
33
38
20
26
34
23
23
45
55
51
0
0
0
0
0
0
0
0
0
0
0
