0
0
0
0
0
0
0
0
0
0
0
0
0
0
0
0
0
0
0
0
0
0
0
0
0
0
0
0
0
0
0
0
0
0
0
0
0
0
0
0
0
1
0
0
0
0
0
0
1
0
0
0
0
0
0
0
0
0
2
0
0
0
0
0
0
0
1
0
2
0
5
0
4
5
4
0
0
0
0
0
1
9
3
0
5
29
22
10
53
17
14
15
16
19
11
44
24
17
15
24
21
23
18
23
17
27
22
23
22
20
22
14
13
23
35
24
22
27
8
0
0
0
0
0
0
9
26
38
24
24
18
20
32
44
54
58
27
26
90
87
33
67
73
120
133
49
29
27
20
23
25
11
19
29
27
28
30
23
37
39
70
133
89
79
54
27
40
18
59
19
26
22
24
30
20
18
23
47
20
19
25
16
29
31
50
31
38
26
26
38
29
42
23
47
24
32
47
42
33
34
39
37
63
56
42
27
46
65
43
46
49
45
56
36
32
59
72
39
47
14
16
21
21
47
40
17
31
24
17
21
25
18
40
34
36
18
26
11
24
4
14
22
28
0
0
0
0
0
0
0
