0
0
0
0
0
0
0
0
0
0
0
0
0
0
0
0
0
0
0
0
0
0
0
0
0
0
0
0
0
0
0
0
0
0
0
0
0
0
0
0
0
0
0
0
0
0
0
0
0
0
0
0
0
0
0
0
0
0
0
0
0
0
0
0
0
0
0
0
0
1
0
5
4
6
0
10
9
25
3
2
7
7
18
17
32
30
38
46
14
22
20
0
20
10
20
56
15
18
32
11
21
16
36
11
26
12
9
12
12
3
11
38
24
28
10
5
15
4
21
14
11
5
8
8
18
9
22
13
5
8
7
4
33
25
20
48
24
4
2
29
34
44
25
13
3
41
49
35
1
69
31
15
15
27
19
18
25
32
30
33
6
2
48
25
30
16
38
16
19
19
4
31
44
46
13
6
14
62
1
13
51
71
40
9
4
78
72
53
2
26
95
16
19
8
18
86
0
0
28
46
9
27
38
100
0
8
55
26
13
26
61
18
51
22
204
71
95
4
17
115
42
35
43
33
58
90
22
8
65
37
43
2
16
31
55
26
17
44
80
0
25
32
118
0
6
27
12
0
0
0
