0
0
0
0
0
0
0
0
0
0
0
0
0
0
0
0
0
0
0
0
0
0
0
0
0
0
0
0
0
0
0
0
0
0
0
0
0
0
0
0
0
0
0
0
0
0
0
0
0
0
0
0
0
0
0
0
0
0
0
0
0
0
0
0
0
0
0
0
0
0
0
0
0
0
0
0
0
0
0
0
0
0
0
0
0
0
0
0
0
0
0
0
0
0
0
0
0
0
0
0
0
0
0
0
0
0
0
0
0
0
0
0
0
0
0
0
0
0
0
0
0
0
0
0
0
0
0
0
0
0
0
0
0
0
0
0
0
0
0
0
0
0
0
0
0
0
0
0
0
0
0
0
7
7
18
9
0
0
2
3
1
3
3
2
1
0
0
0
0
16
11
1
0
0
11
35
0
129
31
31
28
19
40
21
14
1
101
183
293
308
474
177
118
141
19
19
19
23
22
22
33
26
23
25
28
23
28
30
22
25
28
23
25
3
28
20
21
40
28
21
23
23
30
24
22
26
17
14
16
16
17
0
25
6
184
333
121
94
36
134
166
189
168
0
25
44
43
0
0
0
