0
0
0
0
0
0
0
0
0
0
0
0
0
0
0
0
0
0
0
0
0
0
0
0
0
0
0
0
0
0
0
0
0
0
0
0
0
0
0
0
0
0
0
0
0
0
0
0
0
0
0
0
0
0
0
0
0
0
0
0
0
0
0
0
0
0
0
0
0
0
0
0
0
0
0
0
0
0
0
0
0
0
0
0
0
0
0
0
0
0
0
0
0
0
0
0
0
0
0
0
0
0
0
0
0
0
0
0
0
0
0
0
0
0
0
0
0
0
0
0
0
0
0
0
0
0
0
0
0
0
0
0
0
0
0
0
0
0
0
0
0
0
0
0
0
0
0
0
0
0
0
0
0
0
0
0
0
0
0
0
0
0
0
0
0
0
0
0
0
0
0
0
0
0
0
0
0
0
0
0
0
0
0
0
0
0
0
0
0
0
0
0
0
0
0
0
0
0
0
0
0
0
0
0
0
0
0
0
0
0
0
0
0
0
0
4.7911001084
58.7032431479
4.95073696118
0
3.26681619607
4.73883115449
3.09304804244
6.32697793599
2.96015745023
2.00170829449
3.51052908453
2.48679212261
0
5.28293458588
0
0
0
0
0
5.90048808062
7.56608433684
6.94418302634
5.69051680375
5.6663663078
5.2414310455
5.05190628429
3.53176082254
4.93402545331
0
6.97472884541
5.72153299123
4.29780215656
0
0
0
