0
0
0
0
0
0
0
0
0
0
0
0
1
0
0
0
1
1
0
0
0
0
0
0
2
0
0
0
0
0
1
0
0
0
0
0
0
0
0
0
0
0
0
0
0
0
0
0
0
0
0
0
0
0
0
0
0
0
0
0
0
0
0
2
0
0
0
0
0
0
0
0
0
0
0
0
0
0
0
0
0
0
0
0
0
0
0
0
0
0
0
0
0
0
0
0
0
0
0
0
0
0
0
0
0
0
0
0
0
0
0
0
0
0
0
0
0
0
0
0
0
0
0
0
0
0
0
0
0
0
0
0
0
0
0
0
0
0
0
0
0
0
0
0
0
0
0
0
0
0
1
20
10
4
16
16
40
36
26
16
27
21
22
21
15
28
22
26
27
24
33
30
42
38
34
31
38
35
57
45
40
38
36
39
36
34
33
44
36
35
26
40
32
28
27
35
34
25
20
24
21
19
15
19
27
15
23
15
20
20
18
26
20
217
27
60
499
135
42
86
112
79
136
76
52
76
56
43
87
29
33
34
26
37
72
96
100
87
90
88
88
67
86
15
101
92
75
0
0
0
