0
0
3
0
0
0
0
0
0
0
2
0
0
0
0
1
0
1
0
1
0
0
0
0
1
1
0
0
0
0
0
0
0
0
0
0
0
0
0
0
0
0
0
0
0
0
0
0
0
0
0
0
0
0
0
0
0
0
0
2
0
0
0
0
0
0
0
0
1
0
0
1
0
0
0
0
0
0
0
0
0
0
0
1
3
0
0
0
0
0
1
0
1
0
0
0
0
0
0
0
0
0
0
0
0
0
0
0
0
14
0
0
0
0
0
0
0
0
0
0
0
0
0
0
0
0
0
0
0
0
0
0
0
0
0
0
0
0
0
31
46
69
89
38
23
24
20
21
35
30
33
27
29
70
65
69
47
50
56
56
42
59
67
72
112
164
140
108
110
123
124
151
120
21
38
37
32
31
32
41
37
33
34
32
36
25
33
38
54
60
59
52
36
110
51
37
32
32
37
35
29
36
31
32
37
22
39
21
37
36
32
27
28
63
35
17
27
25
30
34
26
31
29
30
25
24
25
19
20
26
17
17
17
21
24
31
24
24
27
28
33
28
27
4
26
27
23
0
0
0
