0
0
0
0
0
0
0
0
0
0
0
0
0
0
0
0
0
0
0
0
0
0
0
0
0
0
0
0
0
0
0
0
0
0
0
0
0
0
0
0
0
0
0
0
0
0
0
0
0
0
0
0
0
0
0
0
0
0
0
0
0
0
0
0
0
0
0
0
0
0
0
0
0
0
0
0
0
0
0
0
0
0
0
0
0
0
0
0
0
0
0
0
0
0
0
0
0
0
0
0
0
0
0
0
0
0
0
0
0
0
0
0
0
0
0
0
0
0
0
0
0
0
0
1
0
0
0
0
0
0
0
0
0
0
0
0
0
0
0
0
0
1
1
1
3
12
8
3
1
0
3
0
0
1
7
10
20
20
21
17
14
9
28
59
55
72
69
61
53
60
35
39
42
74
45
46
42
48
48
39
41
39
41
39
40
45
44
39
24
51
72
63
65
77
91
205
160
119
111
154
277
164
114
79
56
41
54
58
48
45
47
34
37
34
43
50
33
35
33
36
47
65
55
40
32
32
29
18
18
11
7
15
12
9
19
15
33
27
28
25
29
31
25
3
28
23
18
0
0
0
