0
0
0
0
0
0
0
0
0
0
0
0
0
0
0
0
0
0
0
0
0
0
0
0
0
0
0
0
0
0
0
0
0
0
0
0
0
0
0
0
0
0
0
0
0
0
0
0
0
0
0
0
0
0
0
0
0
0
0
0
0
0
0
0
0
0
0
0
0
3
9
0
4
6
6
0
0
0
0
0
0
10
5
0
18
6
2
8
53
24
23
29
20
24
13
50
29
26
20
27
19
32
22
27
25
23
26
17
21
20
23
17
10
23
26
0
0
0
0
0
0
0
0
0
0
0
0
0
0
0
0
0
0
0
0
0
0
0
0
0
0
0
0
0
0
0
0
0
0
0
24
21
20
31
25
24
27
24
46
38
82
78
47
81
62
27
62
26
63
31
19
52
37
31
35
25
28
63
28
32
52
52
40
55
45
48
30
48
30
52
43
49
29
56
25
46
40
56
45
59
31
45
63
78
76
24
85
89
51
74
38
42
74
52
31
68
57
48
57
20
14
20
43
45
38
29
31
41
20
31
35
25
32
25
27
18
21
8
25
1
2
26
15
0
0
0
0
0
0
0
