0
0
0
0
0
0
0
0
0
0
0
0
0
0
0
0
0
0
0
0
0
0
0
0
0
0
0
0
0
0
0
0
0
0
0
0
0
0
0
0
0
0
0
0
0
0
0
0
0
0
0
0
0
0
0
0
0
0
0
0
0
0
0
0
0
0
0
0
0
0
0
0
0
0
0
0
0
0
0
0
0
0
0
0
0
0
0
0
0
0
0
0
0
0
0
0
0
0
0
0
0
0
0
0
0
0
0
0
0
0
0
0
0
0
0
0
0
0
0
0
0
0
0
0
0
0
0
0
0
0
0
0
0
0
0
0
0
0
0
0
0
0
0
0
0
0
5
0
0
1
1
1
24
23
16
5
21
17
19
26
25
26
28
33
35
68
73
84
62
49
45
28
41
39
44
32
57
29
63
54
54
47
64
63
32
52
33
22
35
39
25
72
36
44
35
29
33
34
36
24
23
46
62
69
62
37
36
24
33
30
35
52
25
25
33
22
12
27
51
41
32
20
29
104
34
79
52
48
53
43
49
71
24
50
36
36
30
84
116
23
69
73
30
15
35
29
26
0
0
0
