0
0
0
0
0
0
0
0
0
0
0
0
0
0
0
0
0
0
0
0
0
0
0
0
0
0
0
0
0
0
0
0
0
0
0
0
0
0
0
0
0
0
0
0
0
0
0
0
0
0
0
0
0
0
0
0
0
0
0
0
0
0
0
0
0
0
0
0
0
0
0
0
0
0
0
0
0
0
0
0
0
0
0
0
0
2
0
1
2
0
4
19
13
1
0
0
0
0
0
0
1
0
0
0
0
0
0
1
0
0
0
0
0
0
0
0
0
0
0
0
0
0
0
0
0
0
0
0
0
0
0
0
0
0
0
0
0
0
0
0
0
0
0
0
0
0
0
0
0
0
0
0
0
0
0
5
0
0
0
0
0
5
7
0
1
13
8
8
12
13
7
16
9
8
9
1
0
9
16
9
8
5
7
7
5
50
86
0
162
176
235
176
98
100
5
5
7
7
7
5
5
7
9
7
7
5
10
7
8
9
8
6
7
1
19
8
10
38
39
12
11
10
10
7
9
7
6
5
5
5
5
0
11
0
228
164
101
130
65
181
397
322
222
0
53
208
91
0
0
0
