0
0
0
0
0
0
0
0
0
0
0
0
0
0
0
0
0
0
0
0
0
0
0
0
0
0
0
0
0
0
0
0
0
0
0
0
0
0
0
0
0
0
0
0
0
0
0
0
0
0
0
0
0
0
0
0
0
0
0
0
0
0
0
0
0
0
0
0
0
0
0
0
0
0
0
0
0
0
0
0
0
0
0
0
0
0
0
0
0
0
0
0
0
0
0
0
0
0
0
0
0
0
0
0
0
0
0
0
0
0
0
0
0
0
0
0
0
0
0
0
0
0
0
0
0
0
0
0
0
0
0
0
0
0
0
0
0
0
0
0
0
0
0
0
9
26
11
11
10
6
9
98
59
31
56
41
80
75
61
36
52
34
42
39
37
85
51
70
58
79
68
74
70
73
44
49
24
32
53
55
82
66
58
44
54
41
36
64
44
35
44
56
67
44
30
39
43
36
31
34
35
31
28
34
35
31
44
30
31
26
21
21
23
22
25
23
30
41
40
30
33
28
29
26
22
25
24
22
21
19
21
20
19
19
22
23
30
27
26
31
24
23
27
5
25
22
21
0
0
0
