6
8
7
7
3
4
4
0
2
0
4
3
0
1
1
1
1
0
0
4
4
1
0
0
4
2
2
0
0
5
1
0
0
2
3
2
0
1
0
1
0
2
4
1
1
4
1
2
8
2
7
0
2
0
1
0
3
3
0
0
0
9
1
5
2
4
4
5
8
5
4
6
2
3
0
0
0
0
0
1
0
0
3
0
2
2
1
1
0
3
5
6
3
8
10
35
3
9
5
5
7
4
2
0
0
1
3
1
5
5
7
2
5
6
15
11
13
43
10
16
24
4
5
6
13
7
0
14
16
11
10
7
2
5
8
7
6
24
32
35
44
30
28
57
25
46
67
47
44
53
62
66
44
55
86
25
39
54
58
55
53
44
44
43
59
33
37
47
28
27
70
58
53
37
25
25
2
14
0
2
3
1
0
2
2
1
0
0
3
0
6
7
5
5
1
0
0
6
2
1
2
7
1
1
4
3
2
4
2
12
5
6
14
13
27
24
7
4
15
12
10
32
22
45
36
32
34
47
15
33
34
35
30
41
46
38
43
33
52
14
20
27
28
8
24
16
24
0
0
0
