0
0
0
0
0
0
0
0
0
0
0
0
0
0
0
0
0
0
0
0
0
0
0
0
0
0
0
0
1
2
4
1
0
1
1
1
1
3
2
0
0
0
0
0
0
0
0
0
0
1
1
0
0
0
0
2
1
0
1
0
0
0
0
0
0
0
0
0
2
1
1
0
1
0
0
0
0
1
0
6
5
5
3
3
2
3
1
5
16
14
14
10
15
13
15
48
25
18
32
20
18
30
28
16
19
17
15
14
12
11
13
11
11
3
5
6
14
8
12
17
19
14
16
18
18
18
18
19
24
22
20
17
17
13
15
21
21
18
24
18
16
16
26
13
9
25
34
19
18
15
30
52
50
36
40
33
32
41
39
30
28
17
32
40
61
89
74
64
53
49
35
45
44
49
29
51
41
54
55
105
68
17
6
25
20
79
40
57
60
71
71
62
31
49
27
11
5
8
9
16
14
10
10
10
12
9
10
8
14
8
9
10
11
13
18
8
11
5
9
9
14
11
7
16
15
13
13
14
10
16
15
10
13
9
5
2
1
6
6
13
11
9
10
2
15
12
12
0
0
0
