0
0
0
0
1
0
1
3
0
0
0
1
0
0
1
0
0
0
0
0
0
0
0
0
0
0
0
0
0
0
0
0
0
0
0
0
0
0
0
0
0
0
0
0
0
0
0
2
0
0
0
0
0
0
0
0
0
0
0
1
0
0
0
0
0
0
0
0
1
0
0
0
0
0
0
1
1
0
0
0
0
1
0
0
1
0
1
0
0
0
0
0
0
0
0
90
0
0
0
0
0
0
0
0
0
0
0
83
55
0
10
1
0
43
81
0
0
0
79
14
22
8
0
0
0
0
2
1
0
1
0
2
329
12
0
1
0
77
37
21
1
104
163
1
0
3
4
25
3
6
0
0
1
3
0
0
0
3
9
0
0
4
0
4
3
0
0
156
0
0
5
1
0
13
0
1
0
1
1
0
2
0
0
0
0
0
3
1
0
1
0
0
0
0
1
4
0
0
0
0
0
2
1
0
3
1
1
0
0
0
0
1
2
5
0
3
2
2
0
1
2
0
1
1
0
0
0
1
1
2
2
1
1
0
0
0
0
0
0
1
0
0
0
0
0
1
0
0
0
0
