0
0
0
0
0
0
0
0
0
0
0
0
0
0
0
0
0
0
0
0
0
0
0
0
0
0
0
0
0
0
0
0
0
0
0
0
0
0
0
0
0
0
0
0
0
0
0
0
0
0
0
0
0
0
0
0
0
0
0
0
0
0
0
0
0
0
0
0
0
0
0
0
0
0
0
0
0
0
0
0
0
0
0
0
0
0
0
0
0
0
0
0
0
0
0
0
0
0
0
0
0
0
0
0
0
0
0
0
0
0
0
0
0
0
0
0
0
0
0
0
0
0
0
0
0
0
0
0
0
0
0
0
0
0
0
0
0
0
0
0
0
0
0
0
0
0
0
0
0
0
0
0
0
0
0
0
0
0
0
0
0
0
0
0
0
0
0
0
0
0
0
0
0
0
0
6.59176819742
5.78328117065
5.4435792586
4.33295650847
6.05259567609
5.76541655894
4.34169490377
2.95446886094
3.37145769362
3.16783671593
5.60945607106
9.40807110272
5.61083111257
4.42001594416
9.29798751562
5.42303831154
8.27932022956
4.71765586174
4.78809339555
3.72321523818
3.94391190604
4.5341719605
5.19229925095
6.06094868384
4.15205918006
5.1181590316
4.89581625026
5.96894261774
5.44989370738
5.20182282534
3.3539844364
8.84415729437
5.04159611468
7.51864195878
6.32323251258
5.19161706903
7.89798122075
6.69440229947
6.5123764449
7.08200298362
4.74900035547
5.84079627251
6.98388688005
7.11806894005
5.05539851419
7.06106920964
8.0505750842
7.91834903658
6.21481660852
4.84024651885
6.76188126654
5.54407928936
6.23215341516
6.42097038891
4.89003920503
5.8679210262
7.37052740521
5.65485215586
6.70131550856
6.48044855076
6.06391921244
6.99976979156
5.49784914399
5.81940854996
5.87016951265
6.0866264293
5.03223919127
6.88884023489
0
4.60325374558
8.09210610696
5.67584023975
0
0
0
