0
0
0
0
0
0
0
0
0
0
0
0
0
0
0
0
0
0
0
0
0
0
0
0
0
0
0
0
0
0
0
0
0
0
0
0
0
0
0
0
0
0
0
0
0
0
0
0
0
0
0
0
0
0
0
0
0
0
0
0
0
0
0
0
0
0
0
0
0
0
0
0
0
0
0
0
0
0
0
0
0
0
0
0
0
0
0
0
0
0
0
0
0
0
0
0
0
0
0
0
0
0
0
0
0
0
0
0
0
0
0
0
0
0
0
0
0
0
0
0
0
0
0
0
1
11
20
18
20
16
7
6
8
11
16
34
10
10
17
14
18
9
14
18
24
18
23
15
21
19
16
40
27
16
28
22
27
27
21
31
39
30
21
33
65
77
46
25
39
55
51
52
37
54
80
78
75
75
65
86
87
72
53
57
53
81
128
95
81
150
108
157
108
110
90
92
101
112
129
98
114
111
131
126
124
88
190
131
184
170
149
213
198
201
223
167
197
232
246
192
253
295
309
266
219
286
250
276
288
233
268
328
272
314
313
302
345
290
303
306
318
273
350
48
221
349
273
0
0
0
