0
0
0
0
0
0
0
0
0
0
0
0
0
0
0
0
0
0
0
0
0
0
0
0
0
0
0
0
0
0
0
0
0
0
0
0
0
0
0
0
0
0
0
0
0
0
0
0
0
0
0
0
0
0
0
0
0
0
0
0
0
0
0
0
0
0
0
0
0
2
5
1
2
4
4
0
0
0
0
0
0
7
3
0
5
3
1
2
26
8
7
9
10
9
6
7
9
12
9
26
18
16
16
15
12
20
19
13
12
15
18
14
13
18
25
18
17
20
4
0
0
0
0
0
0
4
17
26
11
14
16
11
33
33
24
40
22
15
61
47
6
44
57
80
79
19
19
20
19
16
16
10
12
19
15
22
16
20
27
21
20
22
26
32
29
21
26
20
35
13
25
20
17
23
19
15
19
28
20
13
26
12
24
19
29
26
28
23
22
29
22
32
18
37
21
27
42
25
25
26
25
31
52
33
30
19
39
35
29
29
30
20
33
19
21
27
48
29
40
14
38
21
64
22
21
17
26
19
13
16
23
21
25
23
21
16
22
10
17
2
14
12
26
0
0
0
0
0
0
0
