1
0
0
0
0
3
1
1
0
0
0
0
2
5
4
4
11
2
3
6
3
9
2
0
3
2
8
0
0
18
10
2
3
6
5
2
11
1
0
7
6
7
6
6
2
0
0
1
2
11
4
0
3
3
7
13
7
7
6
6
2
12
32
12
11
19
14
8
8
18
49
14
21
12
47
23
30
50
71
21
54
79
0
0
30
69
54
80
54
33
49
31
46
28
26
22
31
31
31
26
40
37
18
0
25
31
31
32
34
24
7
42
18
18
15
20
14
26
16
23
10
6
14
12
34
19
14
11
29
7
0
1
0
0
0
0
0
0
21
12
34
1
22
33
36
33
10
25
3
8
18
25
10
21
9
22
2
20
10
19
16
30
9
17
14
8
7
15
8
12
2
11
9
8
11
21
13
14
11
20
17
23
23
21
23
24
0
0
22
21
21
5
13
17
19
12
9
15
12
6
14
11
12
5
13
10
13
2
0
17
12
14
12
13
3
15
7
3
1
3
2
2
0
1
0
1
0
0
0
0
0
0
0
1
1
0
0
0
0
0
0
0
0
1
0
3
2
0
0
0
