0
0
0
0
0
0
0
0
0
0
0
0
0
0
0
0
0
0
0
0
0
0
0
0
0
0
0
0
0
0
0
0
0
0
0
0
0
0
0
0
0
0
0
0
0
0
0
0
0
0
0
0
0
0
0
0
0
0
0
0
0
0
0
0
0
0
0
0
0
0
0
0
0
0
0
0
0
0
0
0
0
0
0
0
0
0
0
0
0
0
0
0
1
0
0
0
0
0
0
0
0
0
0
0
0
0
1
0
0
0
0
0
0
0
0
0
0
0
0
0
0
0
0
0
0
0
0
0
0
0
0
0
0
0
0
0
0
0
0
0
0
0
0
0
0
0
0
0
0
0
0
0
0
12
10
13
28
36
31
25
34
34
31
26
26
44
40
32
26
39
34
32
39
43
33
33
32
35
38
40
35
38
35
32
36
33
37
47
35
40
21
45
89
45
44
47
58
66
40
44
39
42
45
48
43
38
52
45
41
41
39
40
43
42
38
31
28
32
26
22
36
23
28
24
31
35
30
25
25
23
25
19
21
25
22
39
35
45
41
40
55
44
60
6
35
46
40
0
0
0
