0
0
0
0
0
0
0
0
0
0
3
0
0
0
0
0
0
0
0
0
0
0
0
6
0
0
0
0
0
2
17
19
22
12
2
8
10
13
35
30
24
33
15
17
22
36
8
13
14
11
11
1
0
47
9
5
22
51
1
6
16
7
4
4
17
0
0
2
38
6
87
15
121
12
16
25
30
4
3
20
30
23
4
20
47
25
24
2
16
9
10
19
413
745
371
107
31
201
0
2
8
8
96
8
22
29
22
10
31
2
4
11
1
22
1
4
1
0
2
0
2
0
0
0
0
0
0
0
0
0
0
22
0
0
0
0
0
0
0
2
0
0
0
0
0
0
0
0
0
0
0
0
0
0
0
15
0
0
0
0
12
0
0
0
0
0
0
0
0
0
0
0
0
0
0
0
0
0
0
0
0
0
0
0
0
0
0
0
0
0
0
0
0
0
0
0
0
0
0
0
0
0
1
0
0
1
0
0
0
0
0
0
0
0
0
0
0
0
0
0
0
0
0
0
0
0
0
0
0
0
0
0
0
0
0
0
0
0
0
0
0
0
0
0
0
0
0
0
0
0
