0
0
0
0
0
0
0
0
0
0
0
0
0
0
0
0
0
0
0
0
0
0
0
0
0
0
0
0
0
0
0
0
0
0
0
0
0
0
0
0
0
0
0
0
0
0
0
0
0
0
0
0
0
0
0
0
0
0
0
0
0
0
0
0
0
0
0
0
0
0
0
0
0
0
0
0
0
0
0
0
0
0
0
0
0
0
0
0
0
0
0
0
0
0
0
0
0
0
0
0
0
0
0
0
0
0
0
0
0
0
0
0
0
0
0
0
0
0
0
0
0
0
0
0
0
0
0
0
0
0
0
0
0
0
0
0
0
0
0
0
1
14
32
45
41
129
82
75
63
16
23
22
23
16
6
11
23
20
20
14
18
21
26
26
20
24
14
22
9
2
10
25
14
24
16
15
17
23
34
50
46
34
42
53
44
42
46
42
38
42
37
37
45
28
26
31
33
30
25
25
28
24
22
18
26
16
22
22
23
23
18
26
32
33
36
35
29
32
37
14
29
37
46
38
40
44
44
32
29
23
31
27
23
24
27
26
29
33
23
27
41
26
45
5
30
33
41
0
0
0
