0
0
2
0
0
0
0
0
0
0
0
0
0
0
0
0
0
2
1
1
0
0
2
1
0
0
0
1
0
1
0
0
1
0
0
1
0
0
0
1
1
1
0
0
0
0
0
3
1
2
0
1
0
1
4
1
4
5
1
2
2
1
0
1
1
2
0
0
0
0
1
5
6
4
4
0
2
0
1
0
0
0
0
0
0
2
1
0
2
0
0
4
2
3
0
2
2
0
2
1
1
1
2
0
1
0
1
0
1
1
0
1
3
9
12
0
2
8
7
5
9
9
2
6
5
0
0
0
0
0
0
0
4
6
6
9
4
7
9
6
3
3
6
2
5
9
5
203
176
43
24
23
29
34
18
9
27
27
27
26
14
26
19
29
22
23
15
21
10
31
17
14
19
12
25
22
31
24
17
24
30
27
30
30
27
43
30
16
24
15
18
36
22
15
14
24
17
10
11
15
7
9
10
5
9
9
18
8
8
11
11
13
12
12
11
17
16
12
16
16
12
21
15
12
16
15
24
17
19
16
20
6
18
7
52
96
109
71
28
52
62
80
69
10
56
44
33
0
0
0
