0
0
0
0
0
0
0
0
0
0
0
0
0
0
0
0
0
0
0
0
0
0
0
0
0
0
0
0
0
0
0
0
0
0
0
0
0
0
0
0
0
0
0
0
0
0
0
0
0
0
0
0
0
0
0
0
0
0
0
0
0
0
0
0
0
0
0
0
0
0
0
0
0
0
0
0
0
0
0
0
0
0
0
0
0
0
0
0
0
0
0
0
0
0
0
0
0
0
0
0
0
0
0
0
0
0
0
0
0
0
0
0
0
0
0
0
0
0
0
0
0
0
0
0
0
0
0
0
0
0
0
0
0
0
0
0
0
0
0
0
0
54
199
189
152
330
204
198
173
30
38
39
34
40
21
20
42
40
40
31
42
35
33
25
26
31
18
30
17
1
0
2
0
0
0
0
0
0
0
0
0
0
3
40
35
34
34
30
24
28
22
30
29
21
15
21
23
20
13
18
17
17
14
11
9
7
3
0
0
0
0
0
0
0
0
0
0
0
0
7
15
16
13
8
10
13
16
2
6
5
2
7
1
1
29
28
27
24
26
27
27
26
28
4
24
23
21
0
0
0
