0
0
0
0
0
0
0
0
0
0
0
0
0
0
0
0
0
0
0
0
0
0
0
0
0
0
0
0
0
0
0
0
0
0
0
0
0
0
0
0
0
0
0
0
0
0
0
0
0
0
0
0
0
0
0
0
0
0
0
0
0
0
0
0
0
0
0
0
0
0
0
0
0
0
0
0
0
0
0
1
0
0
0
0
0
0
0
0
0
0
0
0
0
0
0
0
0
0
0
0
0
0
0
0
0
0
0
0
0
0
0
0
0
0
0
0
0
0
0
0
0
0
0
0
0
0
0
1
0
0
0
0
0
0
0
0
0
1
0
0
0
0
0
0
0
0
0
0
0
0
2
12
13
11
16
10
0
5
2
17
9
7
17
12
5
32
32
24
28
8
21
57
17
22
16
2
0
19
24
14
26
20
32
29
14
0
16
12
29
31
74
58
28
24
24
17
23
26
24
27
22
23
25
23
21
20
20
20
16
23
20
65
22
0
0
0
0
33
117
34
36
28
38
34
38
30
32
28
25
29
26
0
29
0
89
137
78
73
41
91
184
210
115
0
1
27
22
0
0
0
