0
0
0
0
0
0
0
0
0
0
0
0
0
0
0
0
0
0
0
0
0
0
0
0
0
0
0
0
0
0
0
0
0
0
0
0
0
0
0
0
0
0
0
0
0
0
0
0
0
0
0
0
0
0
0
0
0
0
0
0
0
0
0
0
0
0
0
0
0
0
0
0
0
0
0
0
0
0
0
0
0
0
0
0
0
0
0
0
0
0
0
0
0
0
0
0
0
0
0
0
0
0
0
0
0
0
0
0
0
0
0
0
0
0
0
0
0
0
0
0
0
0
0
0
0
0
0
0
0
0
0
0
0
0
0
0
0
0
0
0
0
0
0
0
0
0
0
0
0
0
0
0
0
0
0
0
0
13
4
22
15
7
16
8
5
8
1
1
1
5
0
1
0
0
0
0
0
0
2
7
6
4
5
5
5
5
5
5
5
3
5
5
5
5
5
5
5
5
5
8
4
3
4
3
5
2
10
3
4
6
6
6
9
7
7
8
5
6
5
5
5
6
10
88
55
110
70
97
63
77
87
5
115
8
55
172
113
231
105
191
306
219
150
3
9
140
43
0
0
0
