0
0
0
0
0
0
0
0
0
0
0
0
0
0
0
0
0
0
0
0
0
0
0
0
0
0
0
0
0
0
0
0
0
0
0
0
0
0
0
0
0
0
0
0
0
0
0
0
0
0
0
0
0
0
0
0
0
0
0
0
0
0
0
0
0
0
0
0
0
0
0
0
0
0
0
0
0
0
0
0
0
0
0
0
0
0
0
0
0
0
0
0
0
0
0
0
0
0
0
0
0
7.83030053987
4.26846699503
0
0
0
25.6384189578
0
6.73679164387
5.63870662815
23.280970377
5.40235205871
2.13156014406
8.8088299435
1.50224990583
0
0
73.6970281134
0
1.37924611485
21.4500002641
0
0
0
0
0
0
4.09653148155
0
0
0
6.5376266624
0
0
96.7303135989
46.8903898548
1.85669968476
0
0
1.81702672218
6.40336255725
0
0
0
0
8.32634287454
0
0
0
0
6.68186952569
15.8648553646
10.3462546746
8.8801635506
7.97707218097
5.77256850199
7.62743697812
6.58114527404
6.23248495548
6.03713246653
6.63422685837
5.33712699073
6.53587111147
6.39079567242
6.10551719023
6.62407599716
5.75874626771
4.26127004633
5.51829269153
5.72404222762
4.80206588619
5.27836087664
5.22520528355
5.70836349625
4.86781160512
5.77600767619
5.39619107829
2.72951593643
2.4475804266
4.53421847846
0
0
0
0
0
0
0
0
0
0
0
0
0
0
0
0
0
0
0
0
0
0
0
0
0
0
0
0
0
0
0
0
0
0
0
0
0
0
0
0
0
0
0
0
0
0
0
0
0
0
0
0
0
0
0
0
0
0
0
0
0
0
0
0
0
0
0
0
0
0
