0
0
0
0
0
0
0
1
2
0
1
0
0
1
14
30
35
32
32
24
7
11
23
28
25
26
27
16
52
33
16
37
20
11
56
4
17
22
43
31
22
8
7
7
14
12
9
12
27
22
9
2
22
20
14
15
22
31
21
19
21
20
38
9
22
19
32
27
2
14
38
26
19
21
20
6
12
18
17
20
5
10
13
15
8
10
12
12
20
18
16
15
9
9
9
7
4
11
15
16
425
138
91
1
23
35
283
36
126
115
390
158
74
222
57
18
8
1019
6
71
643
22
14
25
19
15
8
88
19
36
18
82
8
9
738
1186
138
4
13
88
229
10
3
10
39
149
2
34
16
35
97
220
206
215
223
178
213
200
199
200
221
188
222
224
221
241
220
173
210
219
192
206
204
219
193
220
210
119
102
158
4
0
0
0
0
1
0
4
1
3
0
10
6
1
1
1
4
0
0
3
3
1
2
1
0
6
1
0
0
1
3
0
7
0
0
0
0
5
0
0
0
0
3
1
0
1
0
3
0
0
0
0
0
0
0
0
0
0
0
0
0
0
0
0
0
0
0
0
0
0
