1
0
1
0
0
0
0
0
0
0
2
0
1
1
0
2
1
1
2
1
1
0
0
0
0
0
0
2
2
0
0
1
0
0
2
0
0
2
0
0
0
0
0
0
0
0
0
0
0
0
0
0
0
0
0
0
0
0
0
0
0
0
0
0
0
0
0
0
0
0
0
0
0
0
0
0
0
0
0
0
0
0
0
0
0
0
0
0
0
0
0
0
0
0
0
0
0
0
0
0
0
0
0
0
0
0
0
0
0
0
0
0
0
0
0
0
0
0
0
0
0
0
0
0
0
0
0
0
0
0
0
0
1
0
0
0
0
0
0
0
0
0
0
0
0
18
9
20
24
6
11
11
4
2
2
7
7
6
6
13
14
12
23
27
22
37
36
43
33
44
34
40
24
29
24
23
22
23
28
26
35
27
33
33
36
32
28
37
34
28
39
50
41
24
24
42
40
33
28
27
29
39
34
28
32
32
51
37
38
34
34
36
37
35
36
36
29
33
24
28
37
34
37
37
39
44
47
25
24
21
29
28
25
30
29
38
30
36
31
33
34
30
27
6
36
31
25
0
0
0
