0
0
0
0
0
0
0
0
0
0
0
0
0
0
0
0
0
0
0
0
0
0
0
0
0
0
0
0
0
0
0
0
0
0
0
0
0
0
0
0
0
0
0
0
0
0
0
0
0
0
0
0
0
0
0
0
0
0
0
0
0
0
0
0
0
0
0
0
0
0
0
0
0
0
0
0
0
0
0
0
0
0
0
0
0
0
0
0
0
0
0
0
0
0
0
0
0
0
0
0
0
0
0
0
0
51
35
28
26
9
37
18
19
43
45
31
28
20
5
0
0
0
0
0
0
17
28
79
39
43
41
60
77
90
70
143
55
57
169
114
24
115
114
214
154
55
15
15
22
18
5
3
13
11
1
0
0
0
0
7
3
16
22
26
19
18
20
14
43
13
10
28
15
17
14
12
15
22
17
13
13
4
7
4
0
0
0
0
1
0
0
0
1
1
0
0
0
0
0
0
0
0
0
0
0
0
2
18
8
11
12
13
11
7
5
8
17
12
11
1
2
1
7
8
8
4
6
7
6
9
8
9
20
14
12
9
15
10
10
1
4
6
7
0
0
0
0
0
0
0
