0
0
0
0
0
0
0
0
0
0
0
0
0
0
0
0
0
0
0
0
0
0
0
0
0
0
0
0
0
0
0
0
0
0
0
0
0
0
0
0
0
0
0
0
0
0
0
0
0
0
0
0
0
0
0
0
0
0
0
0
0
0
0
0
0
0
0
0
0
0
0
0
0
0
0
0
0
0
0
0
0
0
0
0
0
0
0
0
0
0
0
0
0
0
0
0
0
0
0
0
0
0
0
0
0
0
0
0
0
0
0
0
0
0
0
0
0
0
0
0
0
0
0
0
0
0
0
0
0
0
0
0
0
0
0
1
0
0
0
0
0
1
0
0
0
0
10
6
8
12
10
0
3
0
1
17
3
12
21
14
17
37
49
31
32
41
37
38
44
25
23
27
31
42
58
54
41
43
69
46
42
41
25
49
43
71
47
52
56
52
37
47
44
38
55
52
46
49
48
58
51
59
46
31
52
8
41
21
52
46
27
46
31
34
20
47
39
43
45
42
28
56
31
21
47
37
0
0
0
0
0
0
0
0
0
0
0
0
0
0
0
0
0
0
0
0
0
0
0
0
