0
0
0
0
0
0
0
0
0
0
0
0
0
0
0
0
0
0
0
0
0
0
0
0
0
0
0
0
0
0
0
0
0
0
1
0
0
0
0
0
0
0
0
0
0
0
0
0
0
0
0
0
0
0
2
1
1
0
0
0
2
6
1
0
0
0
0
2
0
0
0
0
0
0
0
0
2
0
0
0
0
0
0
0
0
0
0
0
0
0
0
0
1
0
0
0
0
0
0
0
0
0
0
0
0
0
0
0
0
0
0
0
0
0
0
0
0
0
0
0
0
0
0
0
0
0
0
0
0
0
0
0
0
0
0
0
0
0
0
0
0
0
0
0
0
1
0
9
0
2
0
0
0
1
6
6
8
9
7
9
10
17
16
11
7
9
8
8
7
8
8
7
15
32
45
34
28
26
34
33
31
29
21
25
18
7
28
25
27
31
36
30
32
34
30
20
27
34
33
34
31
27
34
35
34
24
36
37
35
34
35
31
20
34
35
33
35
31
36
32
36
32
31
38
21
30
33
31
37
35
26
41
40
29
62
122
100
22
23
39
61
66
65
6
46
35
25
0
0
0
