0
0
0
0
0
0
0
0
0
0
0
0
0
0
0
0
0
0
0
0
0
0
0
0
0
0
0
0
0
0
0
0
0
0
0
0
0
0
0
0
0
0
0
0
0
0
0
0
0
0
0
0
0
0
0
0
0
0
0
0
0
0
0
0
0
0
0
0
0
0
0
0
0
0
1
0
0
0
0
0
0
0
0
0
0
0
0
0
0
5
0
0
0
0
0
0
0
0
0
0
0
0
0
0
0
0
0
0
0
0
0
0
0
0
0
0
0
0
0
0
0
0
0
0
0
0
0
0
0
0
0
0
0
0
0
0
0
0
0
0
0
0
0
0
0
0
0
0
0
0
0
0
0
0
0
0
0
0
0
0
0
0
0
5
14
7
7
8
2
43
56
38
28
33
45
54
31
51
21
43
38
23
22
44
32
48
29
42
42
44
27
52
40
38
14
36
36
19
16
11
33
41
33
63
57
59
78
92
62
59
23
57
95
63
27
20
44
41
17
12
26
31
26
40
48
41
48
57
51
51
16
36
8
18
15
25
28
27
16
12
20
11
7
0
5
8
14
0
0
0
