0
0
0
0
0
0
0
0
0
0
0
0
0
0
0
0
0
0
0
0
0
0
0
0
0
0
0
0
0
0
0
0
0
0
0
0
0
0
0
0
0
0
0
0
0
0
0
0
0
0
0
0
0
0
0
0
0
0
0
0
0
0
0
0
0
0
0
0
0
0
0
0
0
0
0
0
0
0
0
0
0
0
0
0
0
0
0
0
0
0
0
0
0
0
0
0
0
0
0
0
0
0
0
0
0
0
0
0
0
0
0
0
0
0
0
0
0
0
0
0
0
0
0
0
0
0
0
0
0
0
0
0
0
2
1
1
0
0
0
0
0
0
0
0
0
0
0
0
0
0
0
0
0
0
0
0
0
0
0
15
36
28
30
33
36
59
49
60
51
48
47
39
60
59
51
38
39
31
50
47
57
58
50
53
68
58
58
66
47
53
79
37
19
29
29
70
65
47
43
53
82
62
46
33
21
22
25
24
21
21
20
21
25
21
25
25
28
20
20
11
16
20
18
19
5
13
8
1
1
4
5
5
2
3
8
5
4
7
3
2
6
6
9
3
14
19
15
0
0
0
