0
0
0
0
0
0
0
0
0
0
0
0
0
0
0
0
0
0
0
0
0
0
0
0
0
0
0
0
0
0
0
0
0
0
0
0
0
0
0
0
0
0
0
0
0
0
0
0
0
0
0
0
0
0
0
0
0
0
0
0
0
0
0
0
0
0
0
0
0
0
0
0
0
0
0
0
0
0
0
0
0
0
0
0
0
0
0
0
0
0
0
0
0
0
0
0
0
0
0
0
0
0
0
0
0
0
0
0
0
0
0
0
0
0
0
0
0
0
0
0
0
0
0
0
0
0
0
0
0
0
0
0
0
0
0
0
0
0
0
0
6
31
21
25
21
231
142
113
68
12
24
30
19
14
28
25
62
59
43
29
39
14
18
17
8
11
1
10
1
4
5
16
6
10
4
8
8
18
22
20
29
26
25
28
25
24
25
24
21
19
22
32
32
20
15
21
21
20
18
19
22
15
20
16
20
11
22
16
15
11
10
16
16
15
19
19
17
20
17
15
20
20
23
22
21
30
30
22
20
21
20
21
20
22
20
18
17
18
18
20
23
22
19
4
26
24
20
0
0
0
