0
0
0
0
0
0
0
0
0
0
0
0
0
0
0
0
0
0
0
0
0
0
0
0
0
0
0
0
0
0
0
0
0
0
0
0
0
0
0
0
0
0
0
0
0
0
0
0
0
0
0
0
0
0
0
0
0
0
0
0
0
0
0
0
0
0
0
0
0
0
0
0
0
0
0
0
0
0
0
0
0
0
0
0
0
0
0
0
0
0
0
0
0
0
0
0
2
21
3
13
14
1
6
5
52
39
1224
2421
1822
2193
217
155
142
76
225
278
133
186
283
80
72
136
61
54
65
54
14
24
25
35
35
37
8
32
30
41
17
17
12
13
7
4
12
15
18
14
19
217
191
49
22
22
25
32
17
9
28
29
29
36
44
53
33
56
47
104
53
37
27
45
26
29
41
34
43
36
49
36
29
39
38
48
51
49
50
61
42
34
41
41
35
61
36
26
23
38
25
16
26
26
16
18
18
11
16
17
34
23
13
17
20
24
72
29
17
15
18
12
15
12
13
29
22
18
22
23
26
19
20
14
17
12
15
12
17
11
25
21
11
16
14
43
14
0
0
0
0
0
0
0
