0
0
0
0
0
0
0
0
0
0
0
0
0
0
0
0
0
0
0
0
0
0
0
0
0
0
0
0
0
0
0
0
0
0
0
0
0
0
0
0
0
0
0
0
0
0
0
0
1
1
0
0
0
0
0
0
0
0
0
0
0
0
1
0
0
0
0
0
0
0
0
0
0
0
0
0
0
0
0
0
0
0
8
18
3
1
4
1
1
30
0
0
0
1
1
0
0
10
114
120
153
0
1
0
0
0
0
24
31
0
0
0
0
0
62
0
1
0
0
0
0
0
2
1
0
0
0
0
0
0
0
0
2
0
6
0
0
0
0
0
2
2
2
0
0
0
0
0
1
0
0
5
2
2
1
1
0
3
1
1
2
0
2
36
8
3
5
18
2
2
0
1
1
3
6
7
6
2
30
1
0
0
0
0
0
0
0
1
0
0
1
9
22
11
19
25
14
21
17
8
12
9
17
17
29
14
21
25
17
16
26
23
28
11
16
25
21
41
28
36
25
31
33
20
39
36
33
54
33
31
27
18
21
21
21
34
36
40
110
72
77
69
71
17
72
63
54
0
0
0
