0
0
0
0
0
0
0
0
0
0
0
0
0
0
0
0
0
0
0
0
0
0
0
0
0
0
0
0
0
0
0
0
0
0
0
0
0
0
0
0
0
0
0
0
0
0
0
0
0
0
0
0
0
0
0
0
0
0
0
0
0
0
0
0
0
0
0
0
0
0
0
0
0
0
0
0
0
0
0
0
0
0
0
0
0
0
0
0
0
0
0
0
0
0
0
0
0
0
0
0
5
7
7
9
10
10
8
4
7
5
7
6
2
11
37
7
10
12
1
0
0
0
0
0
0
9
31
20
14
9
14
19
34
13
33
28
21
16
45
63
11
55
106
64
84
37
22
19
20
12
20
3
11
8
20
23
25
15
11
15
8
11
25
28
22
23
30
19
39
12
13
24
11
18
13
9
17
24
18
14
19
5
21
18
20
22
18
12
17
18
20
23
22
27
22
25
34
30
16
26
22
17
27
16
14
10
13
26
12
15
16
13
11
8
11
9
15
13
21
9
11
8
18
20
18
9
17
10
13
18
20
18
29
26
39
13
19
9
15
4
5
9
10
0
0
0
0
0
0
0
