0
0
0
0
0
0
0
0
0
0
0
0
0
0
0
0
0
0
0
0
0
0
0
0
0
0
0
0
0
0
0
0
0
0
0
0
0
0
0
0
0
0
0
0
0
0
0
0
0
0
0
0
0
0
0
0
0
0
0
0
0
0
0
0
0
0
0
0
0
0
0
0
0
0
0
0
0
0
0
0
0
0
0
0
0
0
0
0
0
0
0
0
0
0
0
0
0
0
0
0
0
0
0
0
0
0
0
0
0
0
0
0
0
0
0
0
0
0
0
0
0
0
0
0
0
0
0
0
0
0
0
0
0
0
0
0
0
0
0
0
0
0
0
0
0
0
0
0
0
0
0
1
2
0
1
4
3
5
6
4
5
4
6
5
0
27
18
28
11
18
54
58
61
63
41
46
46
45
80
58
71
62
91
78
75
60
59
79
54
56
41
47
35
36
34
62
51
41
31
28
26
25
19
19
14
12
20
15
17
16
16
16
19
25
18
20
9
9
6
17
10
19
13
13
4
18
7
9
10
8
9
10
5
9
13
16
17
21
20
12
13
13
11
3
15
14
12
0
0
0
