0
0
0
0
0
0
0
0
0
0
0
0
0
0
0
0
0
0
0
0
0
0
0
0
0
0
0
0
0
0
0
0
0
0
0
0
0
0
0
0
0
0
0
0
0
0
0
0
0
0
0
0
0
0
0
0
0
0
0
0
0
0
0
0
0
0
0
0
0
0
0
0
0
0
0
0
0
0
0
0
0
0
0
0
0
0
0
0
0
0
0
0
0
0
0
0
0
0
0
0
0
0
0
0
0
0
0
0
0
0
0
0
0
0
0
0
0
0
0
0
0
0
0
0
0
0
0
0
0
0
0
0
0
0
0
0
0
0
0
0
0
0
0
0
0
0
0
0
0
0
0
0
0
0
0
0
0
0
0
0
0
0
0
0
5
8
3
5
6
8
14
10
3
6
2
4
6
12
13
11
15
12
18
19
22
22
38
30
23
22
21
21
20
21
16
19
18
19
16
28
21
18
18
14
23
8
12
16
10
16
16
16
19
25
26
26
22
24
25
48
43
52
44
44
48
42
32
31
33
35
56
35
45
45
43
75
62
74
68
71
54
58
89
10
79
63
97
0
0
0
