0
0
0
0
0
0
0
0
0
0
0
0
0
0
0
0
0
0
0
0
0
0
0
0
0
0
0
0
0
0
0
0
0
0
0
0
0
0
0
0
0
0
0
0
0
0
0
0
0
0
0
0
0
0
0
0
0
0
0
0
0
0
0
0
0
0
0
0
0
0
0
0
0
0
0
0
0
0
0
0
0
0
0
0
0
0
0
0
0
0
0
0
0
0
0
0
0
0
0
0
0
0
0
0
0
0
0
0
0
0
0
0
0
0
0
0
0
0
0
0
0
0
0
0
0
0
0
0
0
0
0
0
0
0
0
0
0
0
0
0
0
0
0
7
21
45
38
34
28
13
7
11
8
8
7
8
6
5
3
7
10
7
3
4
6
4
12
90
15
39
22
25
6
18
12
5
6
4
13
13
6
4
3
6
3
2
4
4
28
19
45
51
26
6
1
30
2
3
30
3
4
1
7
5
12
36
13
60
57
37
137
73
54
1
64
9
24
27
20
54
50
87
14
56
18
75
92
86
32
10
9
16
22
44
4
14
9
22
15
28
19
11
14
2
48
12
55
0
0
0
