0
0
1
1
1
1
1
0
0
1
1
0
0
1
1
0
0
1
0
2
0
1
3
0
1
0
0
1
0
0
1
2
0
0
1
0
0
0
0
0
0
1
0
0
0
0
0
0
0
0
0
0
3
0
1
3
2
0
0
1
0
1
1
1
0
0
1
4
0
0
0
0
2
3
0
0
0
0
1
2
0
1
0
0
0
0
4
1
1
0
4
1
2
1
1
8
0
0
2
2
4
2
2
0
0
1
6
1
1
2
3
4
0
2
1
1
2
1
2
6
8
4
9
3
3
14
21
18
17
16
7
9
20
6
16
9
12
15
16
11
5
10
23
10
23
34
41
29
18
12
14
13
17
17
10
13
12
15
16
19
30
16
7
18
16
20
31
81
60
19
22
16
29
18
15
18
12
9
10
11
18
5
17
9
6
9
13
16
13
26
12
32
74
59
16
23
14
19
22
21
22
27
20
21
25
6
30
25
19
9
45
18
16
22
28
35
10
20
25
17
10
19
8
9
11
15
13
20
18
16
14
14
11
12
9
5
8
16
23
14
19
13
5
2
9
10
15
0
0
0
