0
0
0
0
0
0
0
0
0
0
0
0
0
0
0
0
0
0
0
0
0
0
0
0
0
0
0
0
0
0
0
0
0
0
0
0
0
0
0
0
0
0
0
0
0
0
0
0
0
0
0
0
0
0
0
0
0
0
0
0
0
0
0
0
0
0
0
0
0
0
0
0
0
0
0
0
0
0
0
0
0
4.19401219004
0
0
3.99675250975
0
0
0
0
0
0
0
0
0
0
0
0
0
0
28.7776008562
24.2781028839
19.3638203707
10.3649255659
11.2710675732
10.9662912987
11.9852709258
9.72234419663
8.26682912428
6.93797348097
8.5001244546
7.59279744807
6.73689957266
11.1605956972
16.3470983977
8.23965949944
7.45363654137
6.43485116401
18.3689987469
80.831472067
25.6105194384
17.691321632
28.8305541141
22.4023027938
6.32357333201
3.72027132452
10.6805691931
8.49418055141
9.35003533555
7.01085770271
9.72103905856
10.7735934778
13.7280686141
9.02578010324
1.64301818601
3.44592867883
6.32954183369
4.48253915027
3.98617585565
6.04356332143
5.07072521125
5.1373067279
5.87141251234
5.75081103431
6.35612312173
6.24516102132
4.9871244285
6.4952322858
7.59649202885
6.89219912673
3.64064132208
0.466640826717
0.969273181093
1.87530325087
3.09042610232
3.96264906957
3.30737051445
3.61894575824
4.12370363619
4.19387064049
6.14131550287
4.77750248733
4.80198631153
4.52947753819
5.46187834852
5.49897780162
6.89134581148
2.06039094111
3.29950183131
7.38172070964
10.6441511982
8.46764488697
7.11606183005
6.80077512473
6.67262860312
7.6008443479
8.4763944661
5.41940531604
7.15562664138
10.9146523716
11.8260112414
7.9839911831
6.72122135778
9.48744478389
7.25651821662
4.52362981459
8.07300426608
9.24956552526
9.55364132212
8.71388322165
7.55765630305
3.88773341374
9.76271788959
6.88782432711
8.56951224366
8.41330318809
6.91153926412
7.60977006129
8.37153262649
5.13347372583
7.03472605981
5.30221614307
4.58475813489
5.11061270621
6.29337861745
5.29969103112
4.60704110519
9.92449191158
9.96011573884
6.58635319295
6.88118122452
6.41089464259
7.13717439087
7.26928805437
6.07842385741
5.73027779159
6.86323956068
6.02865207196
7.33221052655
6.52081125721
2.82311145083
1.59958555226
4.00857181838
3.43021022045
3.32262729193
4.58867170578
5.92650095122
3.84474803877
4.48617619964
4.86817044503
4.49477846827
4.05267223468
6.60983039187
7.39739475792
10.8860604055
9.47613738886
9.84605707562
7.41205881365
7.52383410845
8.11188121494
11.2138243751
7.94092330748
7.20748998884
7.93672652333
0.574657158068
7.26567979852
7.98850067248
4.68032399934
0
0
0
