0
0
0
0
0
0
0
0
0
0
0
0
0
0
0
0
0
0
0
0
0
0
0
0
0
0
0
0
0
0
0
0
0
0
0
0
0
0
0
0
0
0
0
0
0
0
0
0
0
0
0
0
0
0
0
0
0
0
0
0
0
0
0
0
0
0
0
0
0
0
0
0
0
0
0
13
154
107
29
122
44
56
41
43
51
20
40
27
22
0
0
0
0
0
0
0
0
63
479
479
641
750
566
669
728
868
811
754
672
804
756
693
1075
1645
1073
1012
902
2256
10413
8163
7593
13680
14464
5630
3349
7845
6584
7139
5553
7123
7881
10092
7401
1616
2744
4355
3107
2642
3575
2932
2795
2970
2725
2782
2703
2187
2609
2935
2682
1501
234
370
549
733
843
677
671
698
667
870
696
684
631
713
698
823
292
388
703
957
838
754
737
731
820
919
646
806
1182
1376
1067
937
1262
1050
700
1101
1266
1371
1334
1214
683
1426
1109
1338
1359
1179
1278
1406
939
1185
922
787
821
946
803
690
1287
1369
1007
1040
976
1069
1092
943
879
1003
896
1037
936
450
253
493
408
371
457
551
379
408
417
378
336
493
550
790
771
850
708
730
791
1077
873
827
908
100
738
811
523
0
0
0
