0
0
0
0
0
0
0
0
0
0
0
0
0
0
0
0
0
0
0
0
0
0
0
0
0
0
0
0
0
0
0
0
0
0
0
0
0
0
0
0
0
0
0
0
0
0
0
0
0
0
0
0
0
0
0
0
0
0
0
0
0
0
0
0
0
0
0
0
0
0
0
0
0
0
0
0
0
0
0
0
0
0
0
0
0
0
0
0
0
0
0
0
0
0
0
0
0
0
0
0
0
0
0
0
0
0
0
0
0
0
0
0
0
0
0
0
0
0
0
0
0
0
0
0
0
0
0
0
0
0
0
0
0
0
0
0
0
0
0
0
0
0
0
0
0
27
15
6
9
8
11
15
12
2
4
0
0
0
0
0
0
0
0
0
0
0
0
0
0
0
0
0
0
0
0
0
0
11
33
28
41
30
26
25
29
35
25
39
31
19
22
31
25
27
14
20
20
25
34
45
36
40
33
38
34
22
43
40
39
27
27
31
32
29
34
27
15
23
24
36
43
24
47
28
23
37
31
23
19
20
28
26
23
23
29
34
21
42
38
41
41
39
87
7
39
51
42
0
0
0
