0
0
0
0
0
0
0
0
0
0
0
0
0
0
0
0
0
0
0
0
0
0
0
0
0
0
0
0
0
0
0
0
0
0
0
0
0
0
0
0
0
0
0
0
0
0
0
0
0
0
0
0
0
0
0
0
0
0
0
0
0
0
0
0
0
0
0
0
0
0
0
0
0
0
0
0
0
0
0
0
0
0
0
0
0
0
0
0
0
0
0
0
0
0
0
0
0
0
0
0
0
0
0
0
0
11
0
0
0
1
0
0
0
0
0
0
0
0
3
7
0
0
1
0
0
0
0
0
0
0
0
0
0
0
0
0
0
0
0
0
0
0
0
0
0
2
0
1
0
1
0
0
0
0
0
0
0
0
14
41
21
21
0
10
11
30
35
31
22
14
28
30
6
6
26
25
22
24
30
25
21
14
15
22
25
26
26
26
26
25
25
28
29
25
25
25
26
26
25
13
12
7
37
4
28
45
11
17
27
28
27
28
27
27
27
27
36
32
36
36
31
29
32
32
32
30
27
31
27
28
28
27
30
29
27
27
27
21
27
30
37
38
34
3
23
22
8
0
0
0
