0
0
0
0
0
0
0
0
0
0
0
0
0
0
0
0
0
0
0
0
0
0
0
0
0
0
0
0
0
0
0
0
0
0
0
0
0
0
0
0
0
0
0
0
0
0
0
0
0
0
0
0
0
0
0
0
0
0
0
0
0
0
0
0
0
0
0
0
0
0
0
0
0
0
0
0
0
0
0
0
0
0
0
0
0
0
0
0
0
0
0
0
0
0
0
0
0
0
0
0
0
0
0
0
0
0
0
0
0
0
0
0
0
0
0
0
0
0
0
0
0
0
0
0
0
0
0
0
0
0
0
0
0
0
0
0
0
0
0
0
0
0
0
0
0
0
0
0
0
0
0
0
0
0
20
20
18
12
8
11
18
18
8
9
17
12
36
155
17
15
30
19
28
56
24
16
13
38
25
13
9
7
10
9
14
17
17
52
26
11
30
37
46
28
16
30
40
32
28
34
16
29
20
10
18
14
28
10
21
9
8
8
7
7
8
10
9
24
17
13
17
33
44
15
37
6
3
4
16
11
20
21
43
34
52
21
40
44
43
32
41
37
50
7
41
43
35
0
0
0
