0
0
0
0
0
0
0
0
0
0
0
0
0
0
0
0
0
0
0
0
0
0
0
0
0
0
0
0
0
0
0
0
0
0
0
0
0
0
0
0
0
0
0
0
0
0
0
0
0
0
0
0
0
0
0
0
0
0
0
0
0
0
0
0
0
0
0
0
0
2
13
0
11
11
10
0
0
0
0
0
0
19
10
1
28
17
7
16
93
25
33
43
33
43
29
86
52
33
29
34
30
43
36
44
39
60
50
40
28
33
46
40
32
56
58
40
46
50
14
0
0
0
0
0
0
0
0
0
0
0
0
0
0
0
0
0
0
0
0
0
0
0
0
0
0
0
0
0
0
0
0
0
0
0
0
0
0
0
0
0
0
0
0
0
0
0
0
0
0
0
0
0
0
0
0
0
0
0
0
0
0
0
0
0
0
0
0
0
0
0
0
0
0
0
0
0
0
0
0
0
0
0
0
0
36
69
57
36
16
33
21
24
37
17
14
29
32
20
18
1
2
2
16
23
14
14
16
16
8
10
14
12
28
27
24
10
16
10
16
1
5
21
21
0
0
0
0
0
0
0
