0
1
0
1
0
0
0
0
1
0
0
6
20
1
3
0
0
0
12
2
3
2
8
5
5
2
2
2
0
1
0
1
0
3
0
1
0
3
0
0
1
0
3
0
0
1
0
0
1
0
0
1
3
0
1
0
4
0
4
0
5
1
3
3
8
3
15
9
5
6
8
7
5
5
7
1
1
0
0
1
1
0
0
1
0
0
0
0
0
0
0
2
1
0
0
1
3
1
4
9
3
0
0
0
0
8
5
20
0
21
0
0
0
0
116
0
0
0
43
0
3
2
0
0
0
0
0
0
0
1
1
0
7
0
1
1
1
1
0
0
0
7
19
8
3
32
34
28
10
2
0
22
14
4
1
7
4
2
3
8
8
10
13
12
10
7
9
4
6
1
2
2
0
2
0
3
9
5
9
1
4
6
2
12
7
2
4
18
6
8
5
2
17
18
17
27
37
16
35
18
18
24
16
10
15
19
22
10
11
33
29
25
20
20
15
19
18
26
17
19
16
16
17
16
16
19
11
13
12
9
9
16
12
8
4
9
7
16
12
13
11
16
12
10
10
6
3
0
0
0
