0
0
0
0
0
0
0
0
0
1
0
0
1
0
2
2
0
2
0
1
0
0
0
0
0
0
0
0
1
0
1
1
0
0
2
0
0
0
0
2
0
0
1
1
0
0
0
0
0
0
0
0
0
0
0
0
0
0
0
0
0
0
0
0
1
0
0
0
0
0
0
0
0
0
0
0
0
0
0
0
0
0
0
0
0
0
0
0
0
0
0
0
0
0
0
0
0
0
0
0
0
0
0
0
0
0
0
0
0
0
0
0
0
0
0
0
0
0
0
0
0
0
0
0
0
0
0
0
0
0
0
3
2
0
0
0
0
0
0
0
1
15
10
3
3
81
48
41
17
7
8
9
19
15
14
21
39
31
33
21
31
21
22
24
22
21
19
23
21
26
31
30
30
30
16
20
14
27
36
18
20
24
21
27
23
23
24
21
24
20
19
26
29
21
19
22
17
19
15
18
21
18
18
15
17
13
19
20
19
19
15
14
18
16
16
14
8
18
13
14
17
17
19
20
11
16
16
11
12
7
20
17
16
15
19
20
20
19
18
20
21
22
25
3
19
21
18
0
0
0
