0
1
0
0
0
0
0
0
0
0
0
0
0
0
0
0
0
0
0
0
0
0
0
0
0
0
0
0
0
0
0
0
0
0
0
0
0
0
0
0
0
0
0
0
0
0
0
0
0
0
0
0
0
0
0
0
0
0
0
0
0
0
0
0
0
0
0
0
0
0
0
0
0
0
0
0
0
0
0
0
0
0
0
0
0
0
0
0
0
0
0
0
0
0
0
0
0
0
0
0
0
0
2
0
0
0
0
0
0
0
0
0
0
0
0
0
0
0
0
0
0
0
0
0
0
0
0
0
0
0
0
0
0
0
0
0
0
3
0
0
4
1
0
0
0
2
0
0
0
0
0
0
62
35
13
15
37
38
34
26
35
31
31
26
28
40
31
81
38
28
30
24
20
26
14
7
7
3
4
25
24
24
19
27
22
20
25
19
17
17
10
12
21
20
18
19
23
29
25
28
23
23
29
26
26
20
28
20
23
26
23
26
25
27
24
25
18
22
18
17
16
26
18
20
11
22
15
22
21
10
23
21
16
16
22
15
18
22
24
15
19
18
11
4
20
8
10
0
0
0
