0
0
0
0
0
0
0
0
0
0
0
0
0
0
0
0
0
0
0
0
0
0
0
0
0
0
0
0
0
0
0
0
0
0
0
0
0
0
0
0
0
0
0
0
0
0
0
0
0
0
0
0
0
0
0
0
0
0
0
0
0
0
0
0
0
0
0
0
0
0
0
0
0
0
0
0
0
0
0
0
0
0
0
0
0
0
0
0
0
0
0
0
0
0
0
0
0
0
0
0
0
0
0
0
0
0
0
0
0
0
0
0
0
0
0
0
0
0
0
0
0
0
0
0
0
0
0
0
0
0
15.132867852
10.7183723223
13.5399645604
6.69909043006
2.74912248531
36.2030216397
2.4558333725
1.99179245815
1.35114058387
5.2838115675
2.00313083906
4.01190059109
4.57995707633
12.7345763522
3.27812067922
3.44687879679
4.85548170115
2.84386724404
2.21144916315
1.41193878903
0
2.3486330936
2.43432812055
2.33822990119
2.46655228852
0
0
6.9999744163
3.05413707449
2.95063867329
4.33166303202
0
3.94947639187
0
0
6.74114246256
3.39038285324
0
4.43120767543
0
0
0
0
0
0
0
0
0
0
6.77491410872
4.90699039657
6.44879481947
4.04933594915
7.5407401438
8.04621252208
7.33638580257
8.53919283919
7.58898329242
6.99691110138
2.54321491798
2.36253967075
0
0
2.57887654381
3.45535838948
3.07350579138
3.30237406516
4.20970813853
4.93855749171
3.41525577201
4.49187809898
4.05839620001
3.71594911889
10.0097835188
9.63562744691
7.12867761179
7.00542910832
0
0
2.44809099856
3.97851129696
9.56009941877
8.12132873294
7.9719117918
3.35506181718
3.27237448273
3.65713845352
4.41728063106
3.7560059089
3.35646363603
3.22851586507
3.59803992254
2.91709091079
6.12442441471
5.05526529175
8.72564578336
2.3480204821
2.90143266988
2.80542486255
2.55985773382
3.91181974435
3.04601088401
3.27257305448
3.92637987194
0
0
3.33784625161
0
0
0
0
0
0
0
0
0
0
0
0
0
