0
0
0
0
0
0
0
0
0
0
0
0
0
0
0
0
0
0
0
0
0
0
0
0
0
0
0
0
0
0
0
0
0
0
0
0
0
0
0
0
0
0
0
0
0
0
0
0
0
0
0
0
0
0
0
0
0
0
0
0
0
0
0
0
0
0
0
0
0
0
0
0
0
0
0
0
0
0
0
0
17
14
6
6
10
10
17
24
48
6
23
71
10
20
12
84
3
14
9
6
1
1
9
0
6
3
4
4
12
11
13
14
17
9
18
25
2
26
6
23
15
10
23
25
24
29
15
9
14
334
211
201
283
189
94
783
131
102
68
188
83
134
145
337
127
127
157
102
80
53
49
66
64
58
56
11
31
93
52
50
66
42
60
49
46
84
52
23
56
0
0
71
30
58
59
72
40
54
83
85
71
91
66
109
125
127
154
154
155
71
63
49
10
51
61
54
55
65
74
56
69
65
61
138
155
137
144
45
24
51
71
144
143
155
82
77
81
92
81
73
69
73
60
105
93
148
56
62
58
52
70
57
58
65
46
42
50
40
45
0
0
0
0
0
0
0
0
0
0
0
