0
0
0
0
0
0
0
0
0
0
0
0
0
0
0
0
0
0
0
0
0
0
0
0
0
0
0
0
0
0
0
0
0
0
0
0
0
0
0
0
0
0
0
0
0
0
0
0
0
0
0
0
0
0
0
0
0
0
0
0
0
0
0
0
0
0
0
0
0
0
0
0
0
0
0
0
0
0
0
0
0
0
0
0
0
0
0
0
0
0
0
0
0
0
0
0
0
0
0
0
0
0
0
0
0
0
0
0
0
0
0
0
0
0
0
0
0
0
0
0
0
0
0
0
0
0
0
0
0
0
0
0
0
0
0
0
0
0
0
0
0
0
0
0
0
0
0
0
0
0
0
0
0
0
0
0
0
0
0
0
0
0
0
0
0
0
0
0
0
0
0
34
38
34
33
5
0
37
41
50
43
36
50
40
15
0
0
36
0
29
30
54
40
52
29
24
33
32
38
32
32
33
39
26
20
20
23
26
23
33
33
24
22
2
27
22
21
31
22
29
16
26
24
27
17
21
26
24
22
16
23
0
30
0
18
41
24
28
17
50
81
79
61
0
0
11
4
0
0
0
