0
0
0
0
0
0
0
0
0
0
0
0
0
0
0
0
0
0
0
0
0
0
0
0
0
0
0
0
0
0
0
0
0
0
0
0
0
0
0
0
0
0
0
0
0
0
0
0
0
0
0
0
0
0
0
0
0
0
0
0
0
0
0
0
0
0
0
0
0
0
0
0
0
0
0
0
0
0
0
0
0
0
0
0
0
0
0
0
0
0
0
0
0
0
0
0
0
0
0
0
0
0
0
0
0
0
0
0
0
3
1
1
3
9
15
9
15
11
13
17
23
13
16
13
14
7
17
14
10
12
8
6
2
5
11
16
8
1
7
4
8
12
10
7
4
6
5
13
10
4
4
4
5
1
1
1
2
2
0
5
8
8
6
6
6
26
6
7
6
4
13
9
9
8
11
15
22
19
16
13
9
6
8
12
8
9
19
10
10
19
9
20
23
9
5
9
21
31
13
8
8
15
18
13
6
6
2
14
6
7
9
9
7
6
32
19
20
12
7
18
27
29
26
35
23
28
25
33
41
41
42
27
30
41
50
45
38
52
47
58
39
20
25
5
43
33
20
0
0
0
