0
0
0
0
0
0
0
0
0
0
0
0
0
0
0
0
0
0
0
0
0
0
0
0
0
0
0
0
0
0
0
0
0
0
0
0
0
0
0
0
0
0
0
0
0
0
0
0
0
0
0
0
0
0
0
0
0
0
0
0
0
0
0
0
0
0
0
0
0
0
0
0
0
0
0
0
0
0
0
0
0
0
0
0
0
0
0
0
0
0
0
0
0
0
0
0
0
0
0
0
0
0
0
0
0
0
0
0
0
0
0
0
0
0
0
0
0
0
0
0
0
0
0
0
0
0
0
0
0
0
0
0
0
0
0
0
0
0
0
0
0
0
0
0
0
12
10
19
10
8
12
10
10
7
7
9
22
20
16
7
14
24
27
21
16
29
24
37
27
30
27
26
25
26
16
24
17
21
26
27
28
23
23
28
25
21
27
24
23
25
25
37
36
21
20
20
23
19
17
21
19
18
20
17
18
15
25
20
22
21
18
21
20
19
21
19
15
19
19
14
18
20
22
21
19
22
21
19
18
15
21
19
20
19
20
18
22
23
18
21
21
21
22
3
24
19
16
0
0
0
