0
0
0
0
0
0
0
0
0
0
0
0
0
0
0
0
0
0
0
0
0
0
0
0
0
0
0
0
0
0
0
0
0
0
0
0
0
0
0
0
0
0
0
0
0
0
0
0
0
0
0
0
0
0
0
0
0
0
0
0
0
0
0
0
0
0
0
0
0
0
0
0
0
0
0
0
0
0
0
0
0
0
0
0
0
0
0
0
0
0
0
0
0
0
0
0
0
0
0
0
0
0
0
0
0
0
0
0
0
0
0
0
0
0
0
0
0
0
0
0
0
0
0
0
0
0
0
0
0
0
0
0
0
0
0
0
0
0
0
0
2
8
4
27
35
73
48
36
29
12
13
24
18
25
11
14
38
32
25
21
23
25
23
24
28
35
26
29
30
35
27
24
23
24
20
24
13
20
26
22
24
24
24
27
22
22
26
22
20
21
20
27
24
20
15
18
17
19
17
21
20
17
22
16
21
15
25
22
23
23
23
28
24
22
19
17
11
14
10
11
12
22
19
18
17
21
28
4
5
1
8
7
5
3
3
7
13
17
12
3
4
3
5
0
1
3
6
0
0
0
