0
0
0
0
0
0
0
0
0
0
0
0
0
0
0
0
0
0
0
0
0
0
0
0
0
0
0
0
0
0
0
0
0
0
0
0
0
0
0
0
0
0
0
0
0
0
0
0
0
0
0
0
0
0
0
0
0
0
0
0
0
0
0
0
0
0
0
0
0
0
0
0
0
0
0
0
0
0
0
0
0
0
0
0
0
0
0
0
0
0
0
0
0
0
0
0
0
19
238
66
49
0
0
0
0
0
0
76
83
0
0
0
0
3
28
0
0
0
0
0
0
0
0
0
0
0
0
0
0
0
0
0
1
0
12
0
0
0
0
0
0
0
0
0
0
0
0
0
0
0
0
0
0
0
0
0
0
0
0
0
0
0
0
0
6
0
0
9
3
1
1
4
5
7
4
2
0
0
0
0
4
2
5
4
0
0
3
0
0
5
24
11
10
19
7
3
5
22
15
15
25
28
23
24
21
18
14
14
17
13
14
17
24
16
19
27
31
47
34
34
22
28
30
17
47
24
22
28
21
24
25
20
21
22
18
15
36
43
34
27
27
33
26
22
58
49
31
0
0
0
