0
0
0
0
0
0
0
0
0
0
0
0
0
0
0
0
0
0
0
0
0
0
0
0
0
0
0
0
0
0
0
0
0
0
0
0
0
0
0
0
0
0
0
0
0
0
0
0
0
0
0
0
0
0
0
0
0
0
0
0
0
0
0
0
0
0
0
0
0
0
0
0
0
0
0
0
0
0
0
0
0
0
0
0
0
0
0
0
0
0
0
0
0
0
0
0
0
0
0
0
0
3
0
0
0
0
0
0
0
0
0
0
0
0
12
21
8
13
18
5
18
16
28
35
25
19
24
25
28
31
30
22
24
17
19
62
17
14
22
25
9
7
9
3
0
23
26
33
26
24
14
21
16
12
21
8
13
12
12
20
22
25
26
18
19
34
5
9
10
7
0
0
0
0
0
6
7
14
16
18
14
16
16
18
9
12
15
16
9
11
11
11
12
12
11
12
11
14
18
20
17
15
14
18
19
8
12
10
7
15
15
16
20
16
16
17
12
12
16
17
16
15
16
16
9
14
10
17
12
18
15
13
11
11
15
14
18
15
10
12
12
13
12
2
10
14
7
0
0
0
