0
0
0
0
0
0
0
0
0
0
0
0
0
0
0
0
0
0
0
0
0
0
0
0
0
0
0
0
0
0
0
0
0
0
0
0
0
0
0
0
0
0
0
0
0
0
0
0
0
0
0
0
0
0
0
0
0
0
0
0
0
0
0
0
0
0
0
0
0
0
0
0
0
0
0
0
0
0
0
0
0
0
0
0
0
0
0
0
0
0
0
0
0
0
0
0
1
10
27
5
3
5
1
1
3
4
1
0
5
0
6
1
1
1
1
3
0
1
1
0
1
1
1
2
1
0
2
6
0
4
2
1
1
8
0
0
3
0
1
6
74
76
69
62
55
44
43
38
52
25
24
23
15
16
14
49
47
17
15
19
15
17
16
15
17
15
25
18
18
20
12
17
17
18
10
17
18
18
16
21
61
146
9
15
13
19
15
22
14
14
19
17
17
16
14
13
13
13
13
21
39
14
28
20
17
12
7
7
5
1
12
8
8
6
9
5
3
2
2
8
5
2
5
6
3
4
2
2
1
2
2
1
2
4
2
1
2
1
1
1
2
10
9
0
3
15
3
0
0
0
