0
0
0
0
0
0
0
0
0
0
0
0
0
0
0
0
0
0
0
0
0
0
0
0
0
0
0
0
0
0
0
0
0
0
0
0
0
0
0
0
0
0
0
0
0
0
0
0
0
0
0
0
0
0
0
0
0
0
0
0
0
0
0
0
0
0
0
0
0
0
0
0
0
0
0
0
0
0
0
0
0
0
0
0
0
0
0
0
0
0
0
0
0
0
0
0
0
0
0
0
0
0
0
0
0
0
0
0
0
0
0
0
0
0
0
0
0
0
0
0
0
0
0
0
0
0
0
0
0
0
0
0
0
0
0
0
0
0
0
0
0
0
0
0
0
0
1
2
0
0
0
0
0
0
15
1
1
0
0
0
11
15
34
40
29
39
17
50
22
27
39
30
24
23
25
21
19
12
20
22
30
27
26
25
33
13
23
30
16
24
20
39
34
22
14
23
22
21
19
24
21
20
20
20
20
16
24
24
20
21
19
22
20
23
22
20
16
23
20
23
24
20
21
21
19
22
21
20
18
19
20
21
19
19
20
18
18
20
20
23
20
22
27
3
19
22
20
0
0
0
