0
0
0
0
0
0
0
0
0
0
0
0
0
0
0
0
0
0
0
0
0
0
0
0
0
0
0
0
0
0
0
0
0
0
0
0
0
0
0
0
0
0
0
0
0
0
0
0
0
0
0
0
0
0
0
0
0
0
0
0
0
0
0
0
0
0
0
0
0
0
0
0
0
0
0
0
0
0
0
0
0
0
0
0
0
0
0
0
0
0
0
0
0
0
0
0
0
0
0
0
0
0
0
0
0
0
0
0
0
0
0
0
0
0
0
0
0
0
0
0
0
0
0
0
0
0
0
0
0
0
0
0
0
0
0
0
0
0
0
0
0
2
5
1
1
9
1
1
3
2
3
4
9
3
1
0
0
0
0
0
0
2
4
3
3
6
2
15
14
17
21
11
7
20
16
21
9
22
32
33
35
34
30
28
29
25
27
33
24
21
21
22
29
22
22
20
23
22
20
25
23
25
23
19
27
20
31
23
20
22
18
21
20
20
22
21
18
21
21
22
29
24
32
29
23
30
28
22
23
21
21
20
21
24
22
22
24
32
26
30
29
22
33
4
28
27
22
0
0
0
