0
0
0
0
0
0
0
0
0
0
0
0
0
0
0
0
0
0
0
0
0
0
0
0
0
0
0
0
0
0
0
0
0
0
0
0
0
0
0
0
0
0
0
0
0
0
0
0
0
0
0
0
0
0
0
0
0
0
0
0
0
0
0
0
0
0
0
0
0
0
0
0
0
0
0
0
0
0
0
0
0
0
0
0
0
0
0
0
0
0
0
0
0
0
0
0
0
0
0
0
0
0
0
0
0
0
0
0
0
0
0
0
0
0
0
0
0
0
0
0
0
0
0
0
0
0
0
0
0
0
0
0
0
0
0
0
0
0
0
0
0
0
0
0
0
0
0
0
0
0
0
0
0
0
0
0
0
0
0
0
0
0
0
0
0
0
0
0
0
0
0
0
0
0
0
0
0
0
0
0
0
0
0
0
0
7.22556367041
5.92929110603
7.24754971625
7.29900322994
10.1840758953
5.57286634231
5.39552630069
4.13816172123
8.61783800076
8.40441947044
6.23963813114
7.99528845948
4.09628787281
5.7952561107
7.85203998406
5.02487224117
6.76823694642
7.5082575249
3.73709205995
3.36765573759
3.53308413053
5.01078066421
7.72460136783
4.34270949837
3.93001982136
4.21001464459
3.57340417321
6.82373379146
4.97528621679
2.07903837576
2.36421381555
6.88625856938
6.30257885655
7.0438841554
6.55919190819
4.4611677591
6.7387017553
7.01497263703
7.03837865233
5.14204734702
6.03903394716
6.10084055707
3.98445276706
3.6603792025
5.43704897145
4.2107505503
3.22051056076
5.57189827642
6.67596450968
6.31748185849
3.14905848841
2.69897870855
6.05050320993
7.21979167931
2.73620604572
3.21144377447
4.17588464875
6.82281160916
0
4.5913629018
7.00489610667
4.65489123647
0
0
0
