0
0
0
0
0
0
0
0
0
0
0
0
0
0
0
0
0
0
0
0
0
0
0
0
0
0
0
0
0
0
0
0
0
0
0
0
0
0
0
0
0
0
0
0
0
0
0
0
0
0
0
0
0
0
0
0
0
0
0
0
0
0
0
0
0
0
0
0
0
0
0
0
0
0
0
0
0
0
0
0
0
0
0
0
0
0
0
0
0
0
0
0
0
0
0
0
0
0
0
0
0
0
0
0
0
0
0
0
0
0
0
0
0
0
0
0
0
0
0
0
0
0
0
0
0
0
0
0
0
0
0
0
0
0
0
0
0
0
0
0
0
0
9
90
51
48
24
15
12
12
30
54
61
55
62
28
33
33
26
30
8
15
40
36
39
21
31
30
28
29
41
27
15
22
30
35
26
30
22
20
27
29
9
105
115
85
79
98
107
153
107
107
88
160
172
146
186
115
150
198
146
188
215
128
113
112
144
207
137
124
127
109
180
145
71
73
165
161
183
182
137
191
206
215
173
199
206
147
132
176
143
112
168
197
195
113
95
174
208
98
105
125
185
23
120
169
127
0
0
0
