0
0
0
0
0
0
0
0
0
0
0
0
0
0
0
0
0
0
0
0
0
0
0
0
0
0
0
0
0
0
0
0
0
0
0
0
0
0
0
0
0
0
0
0
0
0
0
0
0
0
0
0
0
0
0
0
0
0
0
0
0
0
0
0
0
0
0
0
0
0
0
0
0
0
0
0
0
0
0
0
0
0
0
0
0
0
0
0
0
0
0
0
0
0
0
0
0
0
0
0
0
0
0
0
0
0
0
0
0
0
0
0
0
0
0
0
0
0
0
0
0
0
0
0
0
0
0
0
0
0
0
0
0
0
0
0
0
0
0
5
0
6
18
12
5
49
26
14
4
7
13
16
9
7
11
14
41
38
28
20
26
19
21
25
15
29
14
8
15
31
26
23
18
27
10
21
9
24
26
22
26
24
18
22
23
21
29
22
22
23
17
16
20
14
16
15
18
18
17
18
17
15
13
14
12
7
14
19
17
9
11
9
7
14
17
18
10
13
20
18
18
24
18
20
12
21
18
14
16
16
21
17
20
15
16
15
17
20
19
11
17
13
19
3
14
14
15
0
0
0
