0
2
8
3
3
1
0
1
0
0
0
1
0
0
1
2
0
1
0
0
0
0
0
0
1
1
0
0
1
0
0
0
0
0
0
0
0
0
0
0
0
0
0
0
0
0
0
0
0
0
1
0
0
1
0
0
0
0
0
1
0
0
0
0
0
0
0
0
1
0
5
0
1
0
0
0
0
0
0
1
3
1
0
0
0
0
0
0
2
0
0
0
0
1
0
0
2
0
0
1
0
0
0
0
0
0
0
2
0
0
0
0
0
2
0
2
0
0
53
0
0
0
0
0
0
33
98
119
98
99
101
126
252
228
150
0
1
0
0
0
0
0
0
0
0
0
0
0
0
0
0
0
0
0
0
0
0
0
0
0
0
0
0
0
0
0
0
0
0
0
0
0
0
0
0
0
0
0
0
0
0
0
0
0
0
0
0
0
0
0
0
0
0
0
0
0
0
0
0
0
0
0
0
1
0
0
0
0
0
0
0
0
0
1
0
0
0
0
0
0
0
34
50
42
11
12
5
30
14
16
13
0
6
18
21
13
25
20
20
0
11
7
15
19
25
0
30
0
0
0
