0
0
0
0
0
0
0
0
0
0
0
0
0
0
0
0
0
0
0
0
0
0
0
0
0
0
0
0
0
0
0
0
0
0
0
0
0
0
0
0
0
0
0
0
0
0
0
0
0
0
0
0
0
0
0
0
0
0
0
0
0
0
0
0
0
0
0
0
0
0
0
0
0
0
0
0
0
0
0
0
0
0
0
0
0
0
0
0
0
0
0
0
0
0
0
0
0
0
0
0
0
0
0
0
0
0
0
0
0
0
0
0
0
0
0
0
0
0
0
0
0
0
0
0
0
0
0
0
0
0
0
0
0
0
0
0
0
0
0
0
0
28
14
12
39
92
80
59
28
11
23
12
18
10
13
14
25
24
18
13
22
22
27
26
25
35
21
34
18
26
28
25
21
25
13
19
11
21
27
21
19
19
18
20
19
17
18
19
13
19
15
18
15
13
11
16
14
7
9
16
16
13
13
15
12
8
10
12
16
17
16
13
13
15
14
12
1
6
5
6
11
5
6
4
1
4
3
4
1
3
12
12
7
5
6
16
15
17
18
17
17
19
19
3
20
21
17
0
0
0
