0
0
0
0
0
0
0
0
0
0
0
0
0
0
0
0
0
0
0
0
0
0
0
0
0
0
0
0
0
0
0
0
0
0
0
0
0
0
0
0
0
0
0
0
0
0
0
0
0
0
0
0
0
0
0
0
0
0
0
0
0
0
0
0
0
0
0
0
0
0
0
0
0
0
0
0
0
0
0
0
0
0
0
0
0
0
0
0
0
0
0
0
0
0
0
0
0
0
0
0
0
0
0
0
0
0
0
0
0
0
0
0
0
0
0
0
0
0
0
0
0
0
0
0
0
0
0
0
0
0
0
0
0
0
0
0
0
0
0
0
0
0
0
0
0
0
0
0
0
0
0
9
10
2
10
14
24
24
25
14
20
12
12
7
18
26
16
3
21
25
18
21
21
16
8
23
10
24
25
17
27
31
25
27
21
21
29
25
18
21
20
28
26
20
13
16
18
17
15
20
17
16
19
19
23
17
26
21
21
22
16
19
17
16
21
21
18
20
20
23
28
24
24
25
19
25
23
21
16
18
21
18
17
15
16
18
19
17
19
18
18
19
18
3
24
20
16
0
0
0
