0
0
0
0
0
0
0
0
0
0
0
0
0
0
0
0
0
0
0
0
0
0
0
0
0
0
0
0
0
0
0
0
0
0
0
0
0
0
0
0
0
0
0
0
0
0
0
0
0
0
0
0
0
0
0
0
0
0
0
0
0
0
0
0
0
0
0
0
0
0
0
0
0
0
0
0
0
0
0
0
0
0
0
0
0
0
0
0
0
0
0
0
0
0
0
0
0
0
0
0
0
0
0
0
0
0
0
0
0
0
0
0
0
0
0
0
0
0
0
0
0
0
0
0
0
0
0
0
0
0
0
0
0
0
0
0
0
0
0
0
0
0
0
0
0
0
0
0
0
0
0
0
0
0
41
14
29
23
23
15
24
14
20
17
13
11
9
19
16
23
26
22
16
14
15
22
15
19
25
24
26
24
22
27
25
18
16
12
14
12
19
23
28
17
15
11
18
18
16
18
18
17
19
15
22
14
24
17
16
13
8
13
12
12
19
16
20
25
19
13
16
30
28
20
20
19
26
25
26
28
27
26
25
25
28
20
18
17
18
18
19
20
20
3
21
20
17
0
0
0
