0
0
0
0
0
0
0
0
0
0
0
0
0
0
0
0
0
0
0
0
0
0
0
0
0
0
0
0
0
0
0
0
0
0
0
0
0
0
0
0
0
0
0
0
0
0
0
0
0
0
0
0
0
0
0
0
0
0
0
0
0
0
0
0
0
0
0
0
0
0
0
0
0
0
0
1
0
1
0
1
1
1
0
0
0
0
1
2
2
1
1
2
1
2
2
1
0
2
1
0
1
0
3
3
1
1
1
0
1
1
0
4
1
0
2
1
1
1
1
0
0
2
1
0
0
2
0
2
1
0
3
0
1
2
0
0
2
4
2
6
73
189
108
1
1
0
1
1
0
0
6
8
0
2
0
1
0
11
16
17
14
16
12
11
12
8
5
7
9
5
3
5
9
4
0
6
6
12
7
5
9
3
8
7
8
7
8
6
8
8
5
7
9
8
7
9
14
7
7
13
28
8
25
12
12
8
8
22
18
17
18
17
25
29
19
20
16
20
28
23
24
20
19
21
13
0
4
16
15
16
22
19
17
15
33
31
27
26
30
27
27
30
32
3
34
30
27
0
0
0
