0
0
0
0
0
0
0
0
0
0
0
0
0
0
0
0
0
0
0
0
0
0
0
0
0
0
0
0
0
0
0
0
0
0
0
0
0
0
0
0
0
0
0
0
0
0
0
0
0
0
0
0
0
0
0
0
0
0
0
0
0
0
0
0
0
0
0
0
0
0
0
0
0
0
0
0
0
0
0
0
0
0
0
0
0
0
0
0
0
0
0
0
0
0
0
0
0
0
0
0
0
0
0
0
0
0
0
0
0
0
0
0
0
0
0
0
0
0
0
0
0
0
4
4
4
0
0
0
0
0
0
0
0
0
0
0
0
0
0
0
0
0
0
0
0
0
5
3
4
6
4
0
1
0
0
1
1
7
14
8
23
18
34
13
15
18
15
15
22
18
15
19
16
33
35
38
28
28
33
26
25
23
16
29
22
28
25
24
28
49
46
37
27
28
32
25
20
22
20
22
20
20
13
22
15
2
14
5
10
14
9
9
16
22
25
24
13
15
15
15
9
33
22
21
17
15
15
17
19
11
21
8
7
6
7
5
6
7
7
35
13
17
16
2
15
11
8
0
0
0
