2
0
0
0
0
0
0
0
0
0
0
0
0
0
0
0
0
0
0
0
0
0
0
0
0
0
0
0
0
0
0
0
0
0
0
0
0
0
0
0
0
0
0
0
0
0
0
0
0
0
0
0
0
0
0
0
0
0
0
0
0
0
0
0
0
0
0
0
0
0
0
0
0
0
0
0
0
0
0
0
0
0
0
0
0
0
0
0
0
0
0
0
0
0
0
0
0
0
0
0
0
0
0
0
0
0
0
0
0
0
0
0
0
0
0
0
0
0
0
0
0
0
0
0
0
0
0
0
0
0
0
0
0
0
0
0
0
0
0
0
0
0
2
64
43
92
75
49
30
14
18
55
37
25
15
22
53
41
30
21
32
23
28
24
19
23
20
32
31
24
25
25
21
25
19
19
10
15
18
19
18
21
17
18
12
6
13
10
6
10
3
7
7
6
5
11
9
5
7
14
9
18
18
16
19
12
21
21
18
15
16
19
20
17
18
17
10
10
8
12
10
10
14
10
6
16
8
6
1
3
0
2
2
0
0
0
0
0
0
0
0
0
0
0
0
0
0
0
0
0
