0
0
0
0
0
0
0
0
0
0
0
0
0
0
0
0
0
0
0
0
0
0
0
0
0
0
0
0
0
0
0
0
0
0
0
0
0
0
0
0
0
0
0
0
0
0
0
0
0
0
0
0
0
0
0
0
0
0
0
0
0
0
0
0
0
0
0
0
0
0
0
0
0
0
0
0
0
0
0
0
0
0
0
0
0
0
0
0
0
0
0
0
6.32258461443
0
3.52821050917
10.3766608593
0
4.12367131326
4.01315041848
0
0
0
6.17139025327
6.28260628227
0
3.30801455424
0
0
0
0
0
0
0
0
0
0
0
0
0
0
0
0
0
0
0
0
0
0
6.48456528549
3.78671999641
0
0
4.32278927352
7.61612818733
0
6.61213293955
5.86469243379
5.08465614065
0
6.31398573742
3.53772100479
0
0
6.04321952494
4.10469949579
7.82341231785
5.06414488798
6.27716344795
3.47592388183
6.32226730025
6.15524417752
3.34879474001
4.02910781218
5.70567639276
5.90479287392
2.82191631454
0
3.43002089099
0
3.3701567489
9.35534263751
2.9836133168
0
0
4.68966848627
9.12926390218
7.77502569806
0
13.3878163731
3.99439385089
0
3.47369514575
7.32910797987
0
4.07119908413
6.97360956921
4.40493139379
7.92292827579
5.49723922743
4.43903966336
0
3.09354715154
0
4.32676203281
0
4.91329062731
3.85816778676
4.25268449529
0
0
0
0
0
0
0
4.70445603953
7.60170158561
3.64888585314
5.9562683267
7.88270693235
4.17132836136
3.25165596935
0
3.93241655993
4.18583146036
0
6.02775430725
4.53308982264
5.27452635548
0
0
0
0
0
0
0
0
0
0
0
0
0
0
0
0
0
0
0
0
0
0
6.35045285114
6.80652136176
5.70667073996
6.22271619529
9.21236043598
4.08330524059
6.89803970072
4.33938607233
6.09850576717
2.48921414937
6.28444275782
4.98724482108
0
2.5868355675
2.96163309939
2.90673058128
0
0
0
