0
0
0
0
0
0
0
0
0
0
0
0
0
0
0
0
0
0
0
0
0
0
0
0
0
0
0
0
0
0
0
0
0
0
0
0
0
0
0
0
0
0
0
0
0
0
0
0
0
0
0
0
0
0
2
1
0
0
0
0
2
7
0
2
1
1
1
6
2
11
37
10
5
1
59
25
51
20
62
26
34
35
11
20
3
12
78
71
59
64
68
137
92
36
57
135
48
69
67
37
42
24
74
80
46
50
41
24
44
26
28
58
84
20
44
54
41
19
13
12
19
40
38
30
24
62
90
85
79
55
39
35
55
87
46
83
80
74
49
87
58
29
46
79
61
104
80
97
63
100
103
66
75
99
105
60
21
59
37
53
118
53
23
29
62
109
109
19
168
77
24
60
108
30
66
101
74
120
98
84
49
59
28
68
38
72
60
64
27
17
16
10
54
91
45
58
87
53
77
102
67
55
41
59
61
37
77
64
73
7
1
0
72
61
38
28
19
42
59
11
54
43
48
28
33
22
2
35
40
87
125
82
93
86
96
140
81
124
90
118
59
117
101
12
52
55
52
0
0
0
