0
0
0
0
0
0
0
0
0
0
0
0
0
0
0
0
0
0
0
0
0
0
0
0
0
0
0
0
0
0
0
0
0
0
0
0
0
0
0
0
0
0
0
0
0
0
0
0
0
0
0
0
0
0
0
0
0
0
0
0
0
0
0
0
0
0
0
0
0
0
0
0
0
0
0
0
0
0
0
0
0
0
0
0
0
0
0
0
0
0
0
0
0
0
0
0
0
0
0
0
0
0
0
0
0
0
0
0
0
0
0
0
0
0
0
0
0
0
0
0
0
0
0
0
0
0
0
0
0
0
0
0
0
0
0
0
0
0
0
0
0
0
0
0
0
0
0
0
0
0
0
0
0
0
0
0
0
0
0
0
0
0
0
0
0
0
0
0
26
21
24
25
18
25
11
12
0
2
1
23
20
19
21
15
18
17
18
16
13
16
11
16
12
14
10
13
18
17
14
17
18
18
20
17
19
14
24
21
20
20
18
21
20
18
22
23
22
27
26
24
25
34
31
29
23
25
21
21
24
24
34
34
28
30
37
42
41
48
45
36
43
29
19
4
24
21
16
0
0
0
