0
0
0
0
0
0
0
0
0
0
0
0
0
0
0
0
0
0
0
0
0
0
0
0
0
0
0
0
0
0
0
0
0
0
0
0
0
0
1
0
0
0
0
0
0
0
0
0
0
0
0
0
0
0
0
0
1
0
0
0
0
1
0
0
0
0
0
0
0
0
0
0
0
0
0
0
0
0
0
0
0
0
0
0
0
0
0
0
0
0
0
0
0
0
0
0
0
0
0
0
0
0
0
0
0
0
0
0
0
0
0
0
0
0
0
2
1
0
0
0
0
0
0
0
2
3
0
0
0
0
0
0
0
5
4
19
3
3
1
2
1
1
0
0
0
0
0
0
0
1
4
1
0
0
0
0
0
22
48
22
38
27
36
25
20
22
18
19
3
2
0
0
6
31
21
18
10
20
23
23
27
23
23
25
24
21
25
24
18
20
23
30
30
19
17
17
21
20
15
15
13
15
18
13
18
13
21
21
17
17
13
14
12
17
17
11
6
11
13
15
16
18
17
17
12
19
17
15
15
9
20
14
20
18
17
16
17
19
18
17
18
18
21
3
20
19
17
0
0
0
