0
0
0
0
0
0
0
0
0
0
0
0
0
0
0
0
0
0
0
0
0
0
0
0
0
0
0
0
0
0
0
0
0
0
0
0
0
0
0
0
0
0
0
0
0
0
0
0
0
0
0
0
0
0
0
0
0
0
0
0
0
0
0
0
0
0
0
0
0
0
0
0
0
0
0
0
0
0
0
0
0
0
0
0
0
0
0
0
0
0
0
0
0
0
0
0
0
0
0
0
0
0
0
0
0
0
0
0
0
0
0
0
1
0
0
0
0
0
0
0
0
0
0
0
0
0
0
0
0
0
0
0
0
0
0
0
0
0
0
0
0
0
0
0
0
0
0
0
0
42
46
45
31
13
0
13
32
33
32
22
34
25
29
25
21
38
21
30
24
31
27
25
23
15
25
25
22
21
27
27
27
23
22
25
20
24
25
23
17
19
17
20
19
14
12
13
18
19
14
20
18
16
16
16
17
11
21
19
16
16
16
14
11
13
17
17
10
13
15
12
14
17
20
25
20
23
8
5
4
3
3
2
0
1
1
2
5
0
2
0
7
7
6
0
4
0
2
0
0
0
