0
0
0
0
0
0
0
0
0
0
0
0
0
0
0
0
0
0
0
0
0
0
0
0
0
0
0
0
0
0
0
0
0
0
0
0
0
0
0
0
0
0
0
0
0
0
0
0
0
0
0
0
0
0
0
0
0
0
0
0
0
0
0
0
0
0
0
0
0
0
0
0
0
0
0
0
0
0
0
0
0
0
0
0
0
0
0
0
0
0
0
0
0
0
0
0
0
0
0
0
0
0
0
0
0
0
0
0
0
1
0
0
4
6
8
4
3
8
0
1
3
2
2
0
3
2
0
0
6
4
3
2
5
2
0
1
8
10
1
1
5
3
1
0
1
8
18
6
4
5
3
1
3
2
2
3
1
3
3
8
5
4
3
4
6
4
9
15
20
16
14
7
10
15
13
19
14
12
15
13
9
8
11
6
7
18
16
12
11
22
22
30
21
26
12
24
12
27
10
10
19
15
25
22
16
5
30
15
6
15
8
19
34
29
11
7
11
8
6
17
19
17
27
22
20
19
21
32
24
21
24
26
18
14
32
33
28
23
40
36
23
24
21
4
17
22
20
0
0
0
