0
0
0
0
0
0
0
0
0
0
0
0
0
0
0
0
0
0
0
0
0
0
0
0
0
0
0
0
0
0
0
0
0
0
0
0
0
0
0
0
0
0
0
0
0
0
0
0
0
0
0
0
0
0
0
0
0
0
0
0
0
0
0
0
0
0
0
0
0
0
0
0
0
0
0
0
0
0
0
0
0
0
0
0
0
0
0
0
0
0
0
0
0
0
0
0
0
0
0
0
0
0
0
0
0
0
0
0
0
0
0
0
0
0
0
0
0
0
0
0
0
0
0
0
0
0
0
0
0
0
0
0
0
0
0
0
0
0
0
0
0
0
0
0
0
0
0
0
0
0
0
0
0
0
0
0
0
0
0
0
0
0
0
0
0
0
0
0
0
0
7
18
16
19
4
17
15
24
30
24
29
23
27
30
29
26
26
27
24
27
25
31
31
20
14
19
23
21
16
23
20
21
19
15
23
15
26
18
16
21
19
19
20
17
20
19
17
20
23
20
20
23
22
21
25
24
22
20
20
20
21
21
20
20
21
16
19
22
20
22
26
23
32
4
24
28
26
0
0
0
