0
0
0
0
0
0
0
0
0
0
0
0
0
0
0
0
0
0
0
0
0
0
0
0
0
0
0
0
0
0
0
0
0
0
0
0
0
0
0
0
0
0
0
0
0
0
0
0
0
0
0
0
0
0
0
0
0
0
0
0
0
0
0
0
0
0
0
0
0
0
0
0
0
0
0
0
0
0
0
0
0
0
0
0
0
0
0
0
0
0
0
0
0
0
0
0
0
0
0
0
0
0
0
0
0
0
0
0
0
0
0
0
0
0
0
0
0
0
0
0
0
0
0
0
0
0
0
0
0
0
0
0
0
0
0
0
0
3
2
2
3
0
2
0
4
186
142
72
40
8
13
28
20
12
16
17
35
29
23
16
24
24
28
21
20
25
15
27
18
25
26
20
20
22
14
19
6
18
21
13
21
18
17
21
16
15
17
20
13
22
17
22
23
13
13
14
19
15
11
13
11
16
17
14
10
7
0
5
10
10
5
4
7
10
13
10
2
1
5
6
8
6
6
11
0
6
4
6
4
1
0
0
0
0
0
0
0
0
0
0
0
0
0
0
0
0
0
0
0
0
