0
0
0
0
0
0
0
0
0
0
0
0
0
0
0
0
0
0
0
0
0
0
0
0
0
0
0
0
0
0
0
0
0
0
0
0
0
0
0
0
0
0
0
0
0
0
0
0
0
0
0
0
0
0
0
0
0
0
0
0
0
0
0
0
0
0
0
0
0
0
0
0
0
0
0
0
0
0
0
0
0
0
0
0
0
0
0
0
0
0
7.9674439712
13.4548117007
11.0441082247
6.74032324293
6.59875675643
0
3.24470091069
7.97410416865
7.57214820412
13.4403986618
9.46806289079
4.33329723938
5.25595282599
7.62978551255
6.95354629536
16.8621772488
11.9922263756
5.47312186968
4.60348288447
3.29741149804
1.50994263493
3.25191399749
6.73851445908
1.31211662476
4.54844709085
0
0
0
0
4.57702719464
10.7433706836
11.7338051036
8.12980106772
2.64778678159
1.42165806606
7.02384463289
0
0
3.35188173337
0
0
18.2903202775
0
4.42356942175
0
11.2010061217
0
14.7920663198
4.1948452709
2.30363277853
0
0
16.8604984206
16.9168644353
2.32580010076
0
0
12.4904786894
0
0
3.67637642509
0
0
0
0
0
0
0
0
0
0
0
0
0
0
0
0
0
0
0
0
0
0
0
0
0
0
0
0
0
0
0
0
0
0
0
0
0
0
0
0
0
0
0
0
0
0
0
0
0
0
0
0
0
0
0
0
0
0
0
0
0
0
0
0
0
0
0
0
0
0
0
0
0
0
0
0
0
0
0
0
0
0
0
0
0
0
0
0
0
0
0
0
0
0
0
0
0
0
0
