0
0
1
0
0
0
1
0
0
0
6
11
3
0
13
2
0
1
3
2
0
6
0
0
5
12
1
4
2
0
2
6
0
1
0
0
10
1
2
3
6
2
2
3
4
1
0
3
7
0
2
1
0
0
0
0
0
1
1
1
1
1
0
0
0
0
13
5
5
8
17
0
1
8
4
0
4
1
0
0
0
1
0
84
80
21
197
44
18
76
94
161
170
132
136
49
73
145
152
267
241
139
160
220
216
480
456
267
230
170
84
142
248
66
164
4
32
40
34
98
201
254
221
94
54
182
0
45
78
46
7
237
14
81
0
149
4
197
89
55
23
17
200
264
66
0
2
178
22
8
60
26
32
36
22
9
16
4
1
3
1
7
10
18
13
54
6
12
9
4
17
22
21
18
18
24
17
26
24
25
19
8
0
8
13
16
3
12
14
9
16
5
12
17
16
25
6
21
13
6
4
16
8
27
12
13
28
16
34
22
7
9
23
7
20
9
18
25
20
29
28
21
25
5
8
19
16
15
12
19
13
24
9
20
14
15
16
13
27
7
23
11
23
0
15
17
11
0
0
0
