3
7
8
12
3
10
3
7
1
6
11
7
12
9
6
1
4
7
1
6
6
4
2
5
9
0
0
2
2
2
4
2
10
16
5
8
1
0
1
0
1
9
4
4
10
8
13
14
12
11
5
0
11
6
13
383
17
24
18
12
17
17
11
7
26
20
26
15
21
14
7
9
0
1
0
1
14
5
63
18
0
5
12
3
4
3
2
0
4
3
0
0
0
2
1
2
1
1
4
14
2
6
0
1
0
1
21
6
4
11
5
6
15
14
7
11
6
16
9
9
1
19
8
22
0
8
7
9
2
3
6
9
5
4
4
16
8
6
2
0
0
0
0
0
0
2
0
0
4
0
0
3
0
2
1
2
0
0
5
0
0
0
2
0
1
0
0
0
0
1
1
4
3
0
0
4
2
0
0
2
1
2
0
0
1
2
1
0
1
4
1
0
2
0
0
0
0
1
0
0
8
0
0
0
3
2
3
1
0
2
4
2
0
4
4
2
4
3
6
1
1
1
2
0
0
3
3
2
2
2
2
0
1
1
1
3
3
1
1
0
2
2
0
2
1
2
0
0
0
0
