0
0
0
0
0
0
0
0
0
0
0
0
0
0
0
0
0
0
0
0
0
0
0
0
0
0
0
0
0
0
0
0
0
0
0
0
0
0
0
0
0
0
0
0
0
0
0
0
0
0
0
0
0
0
0
0
0
0
0
0
0
0
0
0
0
0
0
0
0
0
0
0
0
0
0
0
0
0
0
0
0
0
0
0
0
0
0
0
0
0
0
0
0
0
0
0
0
0
0
0
0
0
0
0
0
0
0
0
0
0
0
0
0
0
0
0
0
0
0
0
0
0
0
0
0
0
0
0
0
0
0
0
0
0
0
7
5
2
4
3
0
0
0
0
0
0
0
0
0
0
0
0
0
0
15
13
20
29
14
4
9
0
10
14
7
6
2
4
19
22
23
16
18
23
13
7
10
14
25
17
24
20
26
26
22
12
23
16
16
15
23
22
29
21
17
17
23
21
17
19
16
17
20
15
19
8
23
12
17
18
13
16
17
19
18
29
20
23
19
15
18
25
21
19
18
21
21
18
15
16
18
18
18
15
6
12
17
18
16
13
13
4
17
2
17
13
7
0
0
0
