0
0
0
0
0
0
0
0
0
0
0
0
0
0
0
0
0
0
0
0
0
0
0
0
0
0
0
0
0
0
0
0
0
0
0
0
0
0
0
0
0
0
0
0
0
0
0
0
0
0
0
0
0
0
0
0
0
0
0
0
0
0
0
0
0
0
0
0
0
0
0
0
0
0
0
0
0
0
0
0
0
0
0
0
0
0
0
0
0
0
0
0
0
0
0
0
0
0
0
0
0
0
0
0
0
0
0
0
0
0
0
0
0
0
0
0
0
0
0
0
0
0
0
0
0
0
0
0
0
0
0
0
0
0
0
0
0
0
0
0
0
0
0
0
0
0
0
0
0
0
0
0
0
0
0
0
0
0
0
0
0
0
0
0
0
0
0
0
0
0
7
26
23
26
15
21
14
23
25
18
25
24
22
25
25
22
22
24
19
18
18
23
19
18
17
20
21
23
19
21
19
19
19
17
21
15
22
20
17
5
0
6
20
20
20
20
11
22
19
15
21
21
21
18
19
21
20
18
19
18
20
21
20
20
20
24
23
31
24
24
24
27
25
4
27
24
24
0
0
0
