0
0
0
0
0
0
0
0
0
0
0
0
0
0
0
0
0
0
0
0
0
0
0
0
0
0
0
0
0
0
0
0
0
0
0
0
0
0
0
0
0
0
0
0
0
0
0
0
0
0
0
0
0
0
0
0
0
0
0
0
0
0
0
0
0
0
0
0
0
0
0
0
0
0
0
0
0
0
0
0
0
0
0
0
0
0
0
0
0
0
0
0
0
0
0
0
0
0
0
0
0
0
0
0
0
0
0
0
0
0
0
0
0
0
0
0
0
0
0
0
8
1
0
3
0
3
7
14
10
17
56
49
40
4
5
26
9
34
13
10
15
17
9
3
13
14
21
28
50
25
8
5
10
12
7
5
6
44
28
31
16
11
9
18
12
9
8
11
13
6
9
40
7
20
22
51
9
14
5
9
4
11
7
24
6
26
29
6
6
16
15
4
9
2
2
2
2
5
4
30
5
3
0
0
12
1
2
1
18
13
0
3
0
0
0
7
7
5
0
4
8
11
10
22
10
6
7
19
10
9
30
13
13
16
8
1
1
20
16
15
7
10
4
1
8
12
8
0
0
0
