0
0
0
0
0
0
0
0
0
0
0
0
0
0
0
0
0
0
0
0
0
0
0
0
0
0
0
0
0
0
0
0
0
0
0
0
0
0
0
0
0
0
0
0
0
0
0
0
0
0
0
0
0
0
0
0
0
0
0
0
0
0
0
0
0
0
0
0
0
0
0
0
0
0
0
0
0
0
0
0
0
0
0
0
0
0
0
0
0
0
0
0
0
0
0
0
0
0
0
0
0
0
0
0
0
0
0
0
0
0
0
0
0
0
0
0
0
0
0
0
0
0
0
0
0
0
0
0
0
0
0
0
0
0
0
0
0
0
0
0
0
0
0
0
0
0
0
0
0
0
0
0
0
0
0
0
0
0
0
0
0
0
0
0
0
0
22
24
16
4
11
40
26
18
16
3
0
19
16
29
19
14
21
18
7
4
3
0
5
6
5
52
24
19
25
21
32
31
25
26
28
29
32
28
21
19
28
27
18
28
20
9
27
3
32
31
28
29
30
27
19
26
25
19
25
16
20
23
20
16
13
0
16
2
6
18
14
10
6
24
32
47
28
0
0
1
0
0
0
0
