0
0
0
0
0
0
0
0
0
0
0
0
0
1
0
0
0
0
0
0
0
0
0
0
0
0
0
0
0
0
0
0
0
0
0
0
0
0
0
0
0
0
0
0
0
0
0
0
0
0
0
0
0
0
0
0
0
0
0
0
0
0
0
0
0
0
0
0
0
0
0
0
0
0
0
0
0
0
0
0
0
0
0
0
0
0
0
0
0
0
0
0
0
0
0
0
0
0
0
0
0
0
0
0
0
0
0
0
0
1
1
0
0
0
0
0
0
0
0
0
0
0
0
0
0
0
0
0
1
1
0
0
0
0
0
0
0
0
1
0
0
0
0
0
0
0
0
0
0
0
1
0
0
0
7
8
0
4
2
14
8
4
12
7
2
16
17
14
16
7
14
26
11
11
14
1
0
10
18
12
9
11
15
13
7
48
0
4
40
34
64
66
39
24
12
12
14
12
11
12
7
13
10
12
11
10
12
14
9
12
11
11
10
1
12
11
13
12
12
13
12
12
7
7
7
9
7
9
6
9
7
0
12
0
32
35
21
15
56
38
68
90
51
0
1
29
11
0
0
0
