0
0
0
0
0
0
0
0
0
0
0
0
0
0
0
0
0
0
0
0
0
0
0
0
0
0
0
0
0
0
0
0
0
0
0
0
0
0
0
0
0
0
0
0
0
0
0
0
0
0
0
0
0
0
0
0
0
0
0
0
0
0
0
0
0
0
0
0
0
0
0
0
0
0
0
0
0
0
0
0
0
0
0
0
0
0
0
0
0
0
0
0
0
0
0
0
0
0
0
0
0
0
0
0
0
0
0
0
0
0
0
0
0
0
0
0
0
0
0
0
0
0
0
0
0
0
0
0
0
0
0
0
0
0
0
0
0
0
0
0
0
0
0
0
0
20
17
10
13
6
8
8
7
4
4
8
12
16
12
8
7
4
9
12
7
11
7
7
11
13
12
7
9
7
0
4
6
9
6
5
5
6
7
13
8
7
10
8
4
8
3
10
4
2
4
9
13
30
21
31
24
23
23
23
25
18
35
26
22
22
18
24
21
20
25
23
15
19
19
24
22
19
18
20
12
16
19
21
19
17
22
21
20
21
21
23
26
23
22
18
24
21
27
3
23
19
21
0
0
0
