0
0
0
0
0
0
0
0
0
0
0
0
0
0
0
0
0
0
0
0
0
0
0
0
0
0
0
0
0
0
0
0
0
0
0
0
0
0
0
0
0
0
0
0
0
0
0
0
0
0
0
0
0
0
0
0
0
0
0
0
0
0
0
0
0
0
0
0
0
0
0
0
0
0
0
0
0
0
0
0
0
0
0
0
0
0
0
0
0
0
0
0
0
0
0
0
0
0
0
0
0
0
0
0
0
0
0
0
0
0
0
0
0
0
0
0
0
0
0
0
0
0
0
0
0
0
0
0
0
0
0
0
0
0
0
0
0
0
0
0
0
0
0
0
0
0
0
0
0
0
0
0
0
0
0
0
0
0
0
0
0
0
0
0
0
0
0
0
0
0
0
0
0
0
0
0
0
0
6.97632196079
5.13090074162
4.14223970812
4.13225873864
8.43876130414
5.7277942305
4.66871400322
4.59605940116
9.6102693281
2.86595773227
7.19478915035
4.35603090536
4.25345572952
6.00757848044
6.26921447344
3.00566553543
6.0375479506
2.02290939348
8.86135184738
4.7613339499
2.78665737292
6.1430009125
2.11423345525
6.40571896294
5.25914642989
5.05323538414
4.7332701133
0
6.69206348267
5.66179535736
4.29328581077
4.16011514888
6.72271374756
3.92575453079
7.19567061273
5.91447936616
4.59917977928
5.03837748212
5.17950385143
1.9637767823
5.75999675528
3.90862374871
5.03708381703
8.32507939056
5.2561387749
5.05846384614
8.8845043285
5.98387996421
5.5845093722
7.08409120354
7.7984327305
5.00910306366
4.71317333793
4.92567964959
5.91454094066
7.20511522527
3.66069932208
3.81865200248
6.27238391649
5.46066152146
7.78285743802
5.71532257288
7.39146763989
6.16614452147
5.24752176472
0
9.13087373436
3.76003464749
3.78369044341
0
0
0
