0
0
0
0
0
0
0
0
0
0
0
0
0
0
0
0
0
0
0
0
0
0
0
0
0
0
0
0
0
0
0
0
0
0
0
0
0
0
0
0
0
0
0
0
0
0
0
0
0
0
0
0
0
0
0
0
0
0
0
0
0
0
0
0
0
0
0
0
0
0
0
0
0
0
0
0
0
0
0
0
0
0
0
0
0
0
0
0
0
0
0
0
0
0
0
0
0
0
0
0
0
0
0
0
0
0
0
0
0
0
0
0
0
0
0
0
0
0
0
0
0
0
0
0
0
0
0
0
0
0
0
0
0
0
0
0
0
0
0
0
0
0
0
0
18
34
14
10
7
6
19
13
8
2
7
12
15
18
10
11
20
8
9
15
16
23
10
6
17
21
28
20
14
21
14
24
15
19
29
28
31
27
24
27
25
23
26
25
21
18
19
17
21
14
19
17
18
16
8
19
15
9
10
8
7
8
6
10
11
15
11
17
19
15
7
11
7
7
5
15
11
14
11
9
4
13
10
6
5
6
16
8
13
6
8
12
12
13
17
13
18
16
16
2
17
11
12
0
0
0
