0
0
0
0
0
0
0
0
0
0
0
0
0
0
0
0
0
0
0
0
0
0
0
0
0
0
0
0
0
0
0
0
0
0
0
0
0
0
0
0
0
0
0
0
0
0
0
0
0
0
0
0
0
0
0
0
0
0
0
0
0
0
0
0
0
0
0
0
0
0
0
0
0
0
0
0
0
0
0
0
0
0
0
0
0
0
0
0
0
0
0
0
0
0
0
0
0
0
0
0
0
0
0
0
0
0
0
0
0
0
0
0
0
0
0
0
0
0
0
0
0
0
0
0
0
0
0
0
0
0
0
0
2
0
0
0
0
0
1
2
0
0
0
0
0
0
0
0
0
0
0
0
0
0
0
0
0
0
0
0
10
6
12
7
3
31
30
23
28
13
18
49
21
32
22
5
0
21
33
23
32
21
34
29
9
0
12
4
27
15
10
48
23
18
16
15
4
0
0
0
1
0
0
0
0
0
0
0
0
0
0
0
0
44
8
13
24
37
26
20
20
18
19
11
18
18
9
81
22
17
21
0
28
0
17
21
18
14
13
31
46
43
42
2
1
30
15
0
0
0
