0
0
0
0
0
0
0
0
0
0
0
0
0
0
0
0
0
0
0
0
0
0
0
0
0
0
0
0
0
0
0
0
0
0
0
0
0
0
0
0
0
0
0
0
0
0
0
0
0
0
0
0
0
0
0
0
0
0
0
0
0
0
0
0
0
0
0
0
0
0
0
0
0
0
0
0
0
0
0
0
0
0
0
0
0
0
0
0
0
0
0
0
0
0
0
0
0
0
0
0
0
0
0
0
0
0
0
0
0
0
0
0
0
0
0
0
0
0
0
0
0
0
0
0
0
0
0
0
0
0
0
0
0
0
0
0
0
0
0
0
0
0
0
0
0
0
0
0
6
9
29
18
15
12
11
15
32
24
23
15
24
16
25
19
19
16
15
8
28
58
48
43
39
34
16
19
6
17
20
11
13
7
14
21
18
20
22
20
15
19
16
15
13
14
12
15
14
16
11
10
11
7
3
3
7
4
3
3
5
3
2
2
3
11
15
6
3
5
5
8
7
6
5
7
4
4
4
6
4
0
1
15
16
15
21
19
25
25
24
21
24
23
21
4
20
16
15
0
0
0
