0
0
0
0
1
0
0
0
0
0
0
0
0
0
0
0
0
0
0
1
1
0
0
0
0
0
2
0
0
0
2
0
0
0
0
0
0
0
0
0
0
0
0
0
0
1
0
1
0
0
0
0
0
0
1
1
0
0
0
0
0
0
0
0
0
0
0
0
0
0
0
0
0
0
0
0
0
0
0
0
0
0
0
0
0
0
0
0
0
0
0
0
0
0
0
0
0
0
0
0
0
0
0
0
0
0
0
0
0
0
0
0
0
0
0
0
0
0
0
0
0
0
0
0
0
0
0
0
0
0
0
0
0
0
0
141
32
34
6
10
18
12
11
9
1
7
4
7
5
7
3
6
4
11
32
2
3
11
1
2
6
2
8
4
10
7
0
0
0
0
0
0
0
0
0
0
0
0
0
0
0
0
0
0
0
0
0
0
0
0
0
0
2
14
12
14
16
16
15
19
19
17
20
17
20
16
25
24
19
20
18
21
22
20
19
19
18
19
21
16
21
20
21
20
19
20
21
20
18
18
19
17
19
21
18
19
19
21
17
20
22
21
21
3
19
22
16
0
0
0
