0
0
0
0
0
0
0
0
0
0
0
0
0
0
0
0
0
0
0
0
0
0
0
0
0
0
0
0
0
0
0
0
0
0
0
0
0
0
0
0
0
0
0
0
0
0
0
0
0
0
0
0
0
0
0
0
0
0
0
0
0
0
0
0
0
0
0
0
0
0
0
0
0
0
0
0
0
0
0
0
0
0
0
0
0
0
0
0
0
0
0
0
0
0
0
0
0
0
0
0
0
0
0
0
0
0
0
0
0
0
0
0
0
0
0
0
0
0
0
0
0
0
0
0
0
0
0
0
0
0
0
3
4
4
5
17
4
3
5
4
0
0
0
0
0
0
0
0
9
10
10
10
5
2
4
3
9
7
7
0
7
13
20
19
16
4
9
2
11
11
12
16
15
22
14
11
9
15
19
17
24
21
22
25
21
18
19
20
17
20
19
31
23
20
21
27
29
21
19
28
25
23
22
18
21
16
23
18
22
25
18
17
19
18
24
19
15
15
18
19
22
21
19
15
6
5
2
6
3
0
3
2
3
1
5
7
10
8
9
5
9
20
21
3
15
0
0
0
0
0
