0
0
0
0
0
0
0
0
0
0
0
0
0
0
0
0
0
0
0
0
0
0
0
0
0
0
0
0
0
0
0
0
0
0
0
0
0
0
0
0
0
0
0
0
0
0
0
0
0
0
0
0
0
0
0
0
0
0
0
0
0
0
0
0
0
0
0
0
0
0
0
0
0
0
0
0
0
0
0
0
0
0
0
0
0
0
0
0
0
0
0
0
0
0
0
0
0
0
5
9
19
9
12
11
7
7
7
6
6
7
7
7
7
7
8
12
16
8
4
5
5
5
6
6
6
9
9
9
8
7
10
4
5
4
1
20
11
10
10
4
7
7
7
6
7
7
8
17
17
11
20
17
10
10
10
16
22
10
8
8
8
6
11
9
8
10
8
7
9
7
8
7
11
7
7
7
7
7
6
9
13
11
7
8
9
9
11
9
11
9
9
9
8
7
7
7
7
7
7
7
10
17
17
17
18
14
16
15
15
7
15
17
20
14
17
13
14
7
10
12
14
13
18
16
13
14
8
12
8
8
9
7
9
8
7
8
8
8
11
10
10
12
10
1
6
7
6
0
0
0
