0
0
0
0
0
0
0
0
0
0
0
0
0
0
0
0
0
0
0
0
0
0
0
0
0
0
0
0
0
0
0
0
0
0
0
0
0
0
0
0
0
0
0
0
0
0
0
0
0
0
0
0
0
0
0
0
0
0
0
0
0
0
0
0
0
0
0
0
0
0
0
0
0
0
0
0
0
0
0
0
0
0
0
0
0
0
0
0
0
0
0
0
0
0
0
0
0
0
0
0
0
0
0
0
0
0
0
0
0
0
0
0
0
0
0
0
0
0
0
0
0
0
0
0
0
0
0
0
0
0
0
0
0
0
0
0
0
0
0
0
0
0
0
0
0
0
0
0
0
0
0
0
0
0
10
8
9
8
5
7
6
3
3
0
0
0
0
0
0
7
27
20
9
9
9
8
6
15
24
25
30
22
21
26
24
23
19
19
13
17
19
15
22
18
16
15
16
18
16
19
18
17
19
13
21
13
25
19
20
19
16
17
20
18
14
17
7
14
15
13
16
15
19
19
19
20
20
21
18
13
18
20
16
15
9
11
13
15
15
20
18
19
19
3
17
21
16
0
0
0
