0
0
0
1
0
0
0
1
0
0
1
0
6
2
2
1
10
10
3
1
4
0
2
0
3
0
0
0
0
0
0
0
0
1
0
1
0
2
1
0
1
2
3
1
0
0
0
0
1
0
0
0
0
0
0
0
1
0
0
0
0
0
0
0
0
0
0
0
0
0
0
0
0
0
0
0
0
0
0
0
0
0
0
0
0
0
0
0
0
0
0
0
0
0
0
0
0
0
0
0
0
0
0
0
0
0
0
0
0
0
0
0
0
0
0
0
0
0
0
0
0
0
0
0
0
0
0
0
0
0
0
0
0
0
0
0
0
0
0
0
0
0
0
0
0
0
0
0
0
0
0
0
0
0
0
0
0
0
0
5
7
9
6
9
3
5
7
0
4
12
7
8
6
9
3
3
5
8
10
2
4
4
4
5
7
11
11
11
5
1
0
1
2
3
9
14
16
18
16
16
16
14
15
13
15
9
11
9
7
10
9
5
7
22
28
20
20
23
23
19
21
22
21
25
23
24
22
22
23
20
23
20
20
22
23
22
19
28
25
30
34
32
61
6
38
33
55
0
0
0
