0
0
0
0
0
0
0
0
0
0
0
0
0
0
0
0
0
0
0
0
0
0
0
0
0
0
0
0
0
0
0
0
0
0
0
0
0
0
0
0
0
0
0
0
0
0
0
0
0
0
0
0
0
0
0
0
0
0
0
0
0
0
0
0
0
0
0
0
0
0
0
0
0
0
0
0
0
0
0
0
0
0
0
0
0
0
0
0
0
0
0
0
0
0
0
0
0
0
0
0
0
0
0
0
0
0
0
0
0
0
0
0
0
0
0
0
0
0
0
0
0
0
0
0
0
0
0
0
0
0
0
10.145830015
5.3311012778
5.23533216732
3.90785851809
9.01115252488
4.4858673859
4.56154166671
2.87059368672
2.58594246889
2.63973011781
4.93464774343
2.8559832934
5.00356298073
5.21369585611
4.09858449317
3.61809063866
3.15281586362
4.96131458384
3.90488997876
4.39378147433
4.53586194746
4.82043477436
3.71325763329
2.61355009141
0
4.43717121919
5.04127230518
4.14702117583
6.20012515547
4.54118437369
4.49251464029
4.76369358383
5.32769890075
5.15556900963
5.84419595384
4.71143655195
0
4.33386942436
3.14126674289
3.7060614118
7.48380222015
2.929076138
3.84099660643
5.94790660484
8.85520866064
5.16662509662
3.279676543
2.36633537912
4.57115983792
5.07042977034
3.37168858844
3.83856389291
5.38742588375
2.53690220314
5.89929766355
8.3434314428
5.68555308496
2.88540771494
4.17166218639
0
3.0750138855
6.07319851038
2.73037383198
4.16004628517
4.17395853251
4.95820158753
4.63184713
2.71625857708
6.78376037873
5.90920114585
5.13721571372
3.13247670957
4.50592148255
3.8991685112
0
4.55543667204
0
0
5.66933824701
7.06579975532
7.69974572
6.64695888171
4.54544941617
5.96677190444
6.06254864942
5.82891099624
3.96565418486
2.46808980193
3.35794388115
6.89308150161
5.13782875764
3.24365336243
2.91447994151
0
5.59901861046
4.84304757853
4.98802037542
4.02464495277
3.30543404274
4.2870886806
0
4.8612917953
5.4973178257
3.7907622345
3.17245567579
5.9823263818
5.32920373751
8.00056274465
5.04887418087
7.36801791668
3.04751765748
4.13901556903
0
5.96192738909
7.26289027892
0
0
0
0
