0
0
0
0
0
0
0
0
0
0
0
0
0
0
0
0
0
0
0
0
0
0
0
0
0
0
0
0
0
0
0
0
0
0
0
0
0
0
0
0
0
0
0
0
0
0
0
0
0
0
0
0
0
0
0
0
0
0
0
0
0
0
0
0
0
0
0
0
0
0
0
0
0
0
0
0
0
0
0
0
0
0
0
0
0
0
0
0
0
0
0
0
0
0
0
0
0
0
0
0
0
0
0
0
0
0
0
0
0
0
0
0
0
0
0
0
0
0
0
0
6
10
1
35
68
55
52
82
72
65
154
140
95
96
77
150
94
95
65
57
55
86
56
85
90
76
68
60
84
71
78
80
84
69
51
49
70
78
68
94
77
77
81
90
90
102
89
46
78
60
66
115
58
69
97
141
101
71
53
85
93
68
73
95
53
99
136
109
65
84
49
61
102
56
75
75
85
81
53
107
102
95
65
84
75
16
74
16
39
74
92
107
104
81
102
108
110
83
56
68
118
98
68
60
48
91
84
87
75
64
77
49
80
90
69
59
95
90
129
97
135
70
86
4
98
121
45
0
0
0
