0
0
0
0
0
1
3
3
3
0
0
0
0
0
0
0
0
0
0
0
0
0
0
0
0
0
0
0
0
0
0
0
0
0
0
0
0
0
0
0
0
0
0
0
0
0
0
0
0
1
36
0
15
110
174
110
340
65
3
7
0
1
0
0
0
0
0
0
0
0
0
0
0
0
0
0
0
0
3
2
0
0
12
4
11
14
6
16
0
11
10
7
14
13
13
3
0
0
0
1
0
0
0
0
0
0
7
10
0
1
0
0
2
2
0
0
0
0
3
0
0
0
0
0
0
1
0
0
0
0
0
7
7
4
3
15
3
15
3
1
2
0
5
2
4
8
7
4
7
4
3
9
5
4
7
2
5
1
0
1
6
0
1
1
1
5
2
3
7
2
0
8
1
5
3
3
5
1
5
14
9
2
1
1
3
2
7
10
3
1
1
0
5
8
5
6
1
1
8
3
2
1
1
0
2
1
6
0
0
0
0
0
2
1
0
0
2
0
1
0
6
11
0
0
1
0
0
1
13
5
1
0
0
1
0
0
0
0
0
0
0
0
0
0
0
0
0
0
0
0
