0
0
0
0
0
0
0
0
0
0
0
0
0
0
0
0
0
0
0
0
0
0
0
0
0
0
0
0
0
0
0
0
0
0
0
0
0
0
0
0
0
0
0
0
0
0
0
0
0
0
0
0
0
0
0
0
0
0
0
0
0
0
0
0
0
0
0
0
0
0
0
0
0
0
0
0
0
0
0
0
0
0
0
0
0
0
0
0
0
0
0
0
0
0
0
0
0
0
0
0
0
0
0
0
0
0
0
0
0
0
0
0
0
0
0
0
0
0
0
0
0
6
0
2
4
4
5
11
15
9
11
23
19
6
6
5
10
7
3
5
5
20
11
13
9
7
4
6
1
13
7
6
12
17
4
3
8
7
11
7
6
6
0
12
5
14
22
5
4
4
2
6
3
4
8
6
8
10
5
13
9
24
16
17
6
16
16
15
15
12
7
7
25
5
6
27
33
17
9
14
16
9
7
16
0
4
13
6
6
9
8
14
14
6
11
16
37
10
14
19
15
19
19
4
5
21
25
9
6
34
15
7
18
23
10
16
13
10
9
7
36
10
10
2
2
8
8
0
0
0
