0
0
0
0
0
0
0
0
0
0
0
0
0
0
0
0
0
0
0
0
0
0
0
0
0
0
0
0
0
0
0
0
0
0
0
0
0
0
0
0
0
0
0
0
0
0
0
0
0
0
0
0
0
0
0
0
0
0
0
0
0
0
0
0
0
0
0
0
0
0
0
0
0
0
0
0
0
0
0
0
0
0
0
0
0
0
0
0
0
0
0
0
0
0
0
0
0
0
0
0
0
0
0
0
0
0
0
0
0
0
0
0
0
0
0
0
0
0
0
0
0
0
0
0
0
0
0
0
0
0
0
0
0
0
0
0
0
0
0
0
0
0
0
2
5
0
5
0
1
0
0
0
0
0
4
8
13
9
17
10
11
4
5
4
2
0
0
3
2
4
2
16
20
20
18
19
11
21
23
17
26
26
30
33
33
28
24
27
19
18
20
28
26
19
18
17
18
20
13
19
16
15
5
4
12
10
21
5
5
5
8
7
6
14
12
10
7
9
9
12
10
17
21
17
15
16
18
13
16
13
16
10
13
6
10
15
15
19
18
15
19
13
20
4
18
16
15
0
0
0
