0
0
0
0
0
0
0
0
0
0
0
0
0
0
0
0
0
0
0
0
0
0
0
0
0
0
0
0
0
0
0
0
0
0
0
0
0
0
0
0
0
0
0
0
0
0
0
0
0
0
0
0
0
0
0
0
0
0
0
0
0
0
0
0
0
0
0
0
0
0
0
0
0
0
0
0
0
0
0
0
0
0
0
0
0
0
0
0
0
0
0
0
0
0
0
0
0
0
0
0
0
0
0
0
0
0
0
0
0
0
0
0
0
0
0
0
0
0
0
0
0
0
0
0
0
0
0
0
0
0
0
0
0
0
6
94
1
37
14
20
8
28
11
24
90
51
57
0
0
6
3
7
5
7
2
0
0
3
3
0
0
0
6
2
5
13
1
9
2
1
0
9
2
0
0
11
1
4
9
4
5
0
1
10
7
5
15
18
28
31
9
20
12
16
7
16
12
11
7
12
8
2
16
17
19
12
19
18
10
19
24
35
73
48
6
20
14
9
23
38
37
41
8
35
1
0
0
0
0
0
0
0
0
0
0
0
0
0
0
0
0
0
0
0
0
0
0
0
0
0
