0
4
0
0
4
9
0
43
5
15
4
17
3
20
4
5
1
13
9
0
2
4
4
1
1
20
4
2
1
0
2
9
10
5
8
2
5
1
0
26
0
3
0
0
5
2
0
0
6
0
2
0
0
0
8
0
0
4
1
2
2
0
1
0
2
0
0
0
0
0
0
1
2
1
2
0
1
0
0
0
0
0
0
0
50
50
11
0
74
75
10
33
11
4
21
4
10
6
11
6
15
12
9
0
2
22
24
40
10
58
20
12
42
14
8
14
12
92
14
16
6
0
0
2
2
2
24
54
32
14
2
4
0
4
2
2
0
0
0
2
0
0
0
0
0
0
0
0
0
0
0
0
0
0
0
0
0
0
0
0
0
0
0
0
0
0
0
0
0
0
0
0
0
0
0
0
0
0
0
0
0
0
0
0
0
0
0
0
0
0
0
0
0
0
0
0
0
0
0
0
0
0
0
0
0
0
0
0
0
0
0
0
0
0
0
0
0
0
0
0
0
0
0
0
0
0
0
0
0
0
0
0
0
0
0
0
0
0
0
0
0
0
0
0
0
0
0
0
0
0
