0
0
0
0
0
0
0
0
0
0
0
0
0
0
0
0
0
0
0
0
0
0
1
0
1
0
2
0
0
0
0
0
0
0
0
0
1
0
2
8
3
2
15
4
2
12
5
5
6
12
2
2
8
3
4
5
10
31
2
0
17
4
4
14
6
5
3
6
8
11
12
2
9
27
14
8
1
6
5
0
1
0
2
19
1
7
16
0
1
8
11
5
8
3
3
12
0
4
13
0
2
4
1
1
6
4
7
3
1
6
2
3
9
6
0
4
1
3
0
8
9
5
6
4
2
8
3
4
4
12
6
10
9
11
6
8
4
4
4
3
6
8
9
4
6
9
7
3
1
4
7
9
9
6
3
7
5
3
1
1
34
23
3
6
15
10
13
11
8
2
0
0
7
8
4
0
1
7
3
7
20
1
6
27
4
4
6
11
2
4
4
2
4
4
9
5
5
5
18
5
5
6
23
4
4
3
7
2
26
20
9
6
7
37
6
6
10
5
6
9
7
5
5
6
5
13
5
8
6
9
9
6
2
5
4
8
4
0
0
0
0
0
0
0
0
0
0
0
0
0
