0
0
0
0
0
0
0
0
0
0
0
0
0
0
0
0
0
0
0
0
0
0
0
0
0
0
0
0
0
0
0
0
0
0
0
0
0
0
0
0
0
0
0
0
0
0
0
0
0
0
0
0
0
0
0
0
0
0
0
0
0
0
0
0
0
0
0
0
0
0
0
0
0
0
0
0
0
0
0
0
0
0
0
0
0
0
0
0
0
0
0
0
0
0
0
0
0
0
0
0
0
0
0
0
0
0
0
0
0
0
0
0
0
0
0
0
0
0
0
0
0
0
0
0
0
0
0
0
0
0
0
0
0
0
0
0
0
0
0
0
0
4
0
0
0
0
0
0
0
0
0
0
0
0
0
0
0
0
0
0
0
0
0
0
0
0
0
0
9
13
8
25
13
17
10
15
12
21
21
20
17
18
25
24
19
19
19
18
9
10
5
8
13
16
15
19
21
20
13
17
10
14
18
6
7
0
0
1
1
2
7
12
19
17
16
17
15
17
17
15
17
29
26
25
28
29
39
22
20
20
19
21
19
20
20
14
19
23
22
20
19
22
26
4
30
24
17
0
0
0
