4
0
1
0
0
0
0
0
0
0
0
1
0
0
0
0
0
0
0
0
0
0
0
0
0
0
0
1
0
0
0
0
0
0
0
0
0
0
0
0
0
0
0
0
0
0
0
0
0
0
0
0
0
0
0
0
0
2
0
0
0
0
0
5
0
1
0
0
1
0
0
0
0
1
0
0
1
1
0
1
0
0
0
0
0
0
0
0
0
0
0
0
1
0
0
0
0
0
0
0
0
0
0
0
0
1
0
0
0
0
0
0
0
0
3
1
0
0
0
0
0
0
0
0
0
0
0
0
0
0
0
0
0
0
0
0
1
3
0
0
0
2
1
2
1
0
1
0
1
1
0
0
0
0
2
1
0
0
0
1
2
3
4
3
2
10
8
7
7
1
6
15
8
7
5
1
0
7
9
7
6
4
8
6
2
0
1
31
0
32
36
48
17
28
8
5
8
9
7
6
9
8
9
7
10
6
6
8
6
8
7
7
5
0
11
8
9
7
12
8
8
6
10
6
7
8
8
5
4
7
6
0
5
2
98
34
33
42
25
68
119
75
43
0
2
1
0
0
0
0
