0
0
0
0
0
0
0
0
0
0
0
0
0
0
0
0
0
0
0
0
0
0
0
0
0
0
0
0
0
0
0
0
0
0
0
0
0
0
0
0
0
0
0
0
0
0
0
0
0
0
0
0
0
0
0
0
0
0
0
0
0
0
0
0
0
0
0
0
0
0
0
0
0
0
0
0
0
0
0
0
0
0
0
0
0
0
0
0
0
0
0
0
0
0
0
0
0
0
2
8
10
0
0
0
0
0
0
0
0
0
0
0
0
0
3
0
0
0
0
0
0
0
0
0
0
0
0
0
0
0
0
0
0
0
0
0
0
0
0
0
0
0
0
0
0
0
0
0
0
0
0
0
0
0
0
0
0
0
0
0
0
0
0
0
0
0
0
0
0
0
0
0
2
8
6
16
13
18
23
21
25
23
22
22
22
20
21
18
20
12
16
19
14
16
13
17
17
20
16
20
17
18
21
19
21
17
22
20
20
20
17
20
19
14
0
1
4
8
6
10
9
17
17
20
20
20
20
21
19
16
18
14
17
19
19
17
17
18
26
23
26
23
23
4
20
23
21
0
0
0
