0
0
0
0
0
0
0
0
0
0
0
0
0
0
0
0
0
0
0
0
0
0
0
0
0
0
0
0
0
0
0
0
0
0
0
0
0
0
0
0
0
0
0
0
0
0
0
0
0
0
0
0
0
0
0
0
0
0
0
0
0
0
0
0
0
0
0
0
0
0
0
0
0
0
0
0
0
0
0
0
0
0
0
0
0
0
0
0
0
0
0
0
0
0
0
0
0
0
0
0
0
0
0
0
0
0
0
0
0
0
0
0
0
0
0
0
0
0
0
0
0
0
0
0
0
0
0
0
0
0
0
0
0
0
0
0
0
0
0
12
6
5
3
5
7
2
0
0
0
0
0
1
0
1
0
1
0
1
0
0
0
0
0
1
0
1
1
0
0
1
0
0
0
0
0
0
0
0
0
0
0
0
0
0
4
2
3
8
9
11
11
26
32
23
19
25
25
23
23
16
18
22
22
14
20
14
18
19
14
9
5
8
8
16
12
18
15
35
10
24
47
37
27
26
24
34
16
17
23
16
33
21
24
24
29
38
14
37
31
15
29
23
28
2
29
18
18
0
0
0
