0
0
0
0
0
0
0
0
0
0
0
0
0
0
0
0
0
0
0
0
0
0
0
0
0
0
0
0
0
0
0
0
0
0
0
0
0
0
0
0
0
0
0
0
0
0
0
0
0
0
0
0
0
0
0
0
0
0
0
0
0
0
0
0
0
0
0
0
0
0
0
0
0
0
0
0
0
0
0
0
0
0
0
0
0
0
0
0
0
0
0
0
0
0
0
0
0
0
0
0
0
0
0
0
0
0
0
0
0
0
0
0
0
0
0
0
0
0
0
0
0
0
0
0
0
0
0
0
0
0
0
0
0
0
0
0
0
0
0
0
0
0
0
0
0
0
0
0
0
0
0
0
0
0
0
0
0
0
0
0
2
8
10
5
2
15
11
4
2
11
10
4
4
7
2
2
3
4
6
7
20
9
12
8
13
14
11
14
15
19
14
27
26
15
13
14
17
18
15
17
18
16
16
14
17
13
25
20
19
19
17
18
19
18
19
17
15
20
19
11
16
19
17
19
20
20
21
20
19
19
20
20
19
19
17
15
18
15
18
17
19
19
19
3
17
20
14
0
0
0
