0
0
0
0
0
0
0
0
0
0
0
0
0
0
0
0
0
0
0
0
0
0
0
0
0
0
0
0
0
0
0
0
0
0
0
0
0
0
0
0
0
0
0
0
0
0
0
0
0
0
0
0
0
0
0
0
0
0
0
0
0
0
0
0
0
0
0
0
0
0
0
0
0
0
0
0
0
0
0
0
0
0
0
0
0
0
0
0
0
0
0
0
0
0
0
0
0
0
0
0
0
0
0
0
0
0
0
0
0
0
0
0
0
0
0
0
0
0
0
0
0
0
0
0
0
0
0
0
0
0
0
0
0
0
0
0
0
0
0
0
0
0
0
0
0
0
10.7417110617
6.71130688892
3.35748165132
0
0
0
0
0
4.37717885956
4.53464033776
4.33749495525
4.13931417003
0
4.48465044578
5.005461471
4.41289831724
4.12803178452
3.72655393912
0
3.88918821978
3.77421041094
4.79231545807
4.0675761656
3.61813235345
6.0244135177
4.19616380596
4.78656320107
5.88455886231
5.19849262283
0
0
0
5.01636334665
4.83579727106
4.35749248664
0
0
0
0
4.74213221768
0
5.09844474064
5.95090253554
5.84547410368
4.79851636521
7.95051229901
7.49668531116
6.39791055838
3.19784850753
5.52435288296
3.9356133548
5.2607596619
4.19981891979
4.9807067831
6.12135983578
5.49554078208
4.04882452521
2.47662366475
4.82342469478
0
8.07953015687
4.3770324239
4.07160901628
3.74278021831
2.9663026848
2.4353801605
4.06141566938
3.60964391402
5.31078187588
6.82777167272
5.31286376308
5.78530436872
6.06302295525
6.25500255206
4.22951899067
5.03596189831
4.55519714489
4.1625891234
4.89665923285
3.28122189379
2.9214760603
4.6542629965
5.60666980165
4.25511045564
5.36451759533
8.05247661152
7.45408992268
5.45202213843
4.10546748016
3.73877060233
4.57117226664
6.5978971416
6.49012564031
5.44258604321
6.55764817631
4.90293095906
4.12166083609
0
6.63559155112
5.22026043304
4.87007231955
0
0
0
