0
0
0
0
0
0
0
0
0
0
0
0
0
0
0
0
0
0
0
0
0
0
0
0
0
0
0
0
0
0
0
0
0
0
0
0
0
0
0
0
0
0
0
0
0
0
0
0
0
0
0
0
0
0
0
0
0
0
0
0
0
0
0
0
0
0
0
0
0
0
0
0
0
0
0
0
0
0
1
1
0
1
1
0
0
0
5
2
0
0
1
1
0
2
1
8
2
1
2
3
5
2
2
7
3
5
10
5
3
6
4
6
5
4
1
2
7
4
4
10
14
7
18
6
5
20
36
28
25
23
11
22
43
25
28
50
28
36
40
31
38
29
31
31
77
117
121
97
59
39
36
43
40
49
57
59
57
55
47
58
65
61
59
55
46
55
53
63
56
51
76
60
67
81
77
47
40
44
67
67
63
31
38
39
58
59
43
63
74
77
69
106
112
107
64
96
75
94
80
91
109
104
83
55
89
47
129
86
81
75
61
50
71
64
86
109
95
104
112
120
91
104
97
90
102
74
65
90
105
86
103
148
152
126
102
93
107
145
150
135
160
131
113
27
144
124
119
0
0
0
