0
0
0
0
0
0
0
1
0
0
0
0
0
0
0
0
0
0
0
0
0
0
0
0
0
0
0
0
0
0
0
0
0
0
0
0
0
1
0
0
0
0
0
0
0
0
0
0
0
0
0
0
0
0
0
0
0
0
0
0
0
0
0
0
1
0
0
0
0
0
0
0
0
0
0
0
0
0
0
0
0
0
0
0
0
0
0
0
0
0
0
0
0
0
0
0
0
0
0
0
0
0
0
0
0
0
0
0
0
0
0
0
0
0
0
0
0
0
0
0
0
0
0
0
0
0
0
0
0
0
0
0
0
0
0
0
0
0
0
0
0
1
0
1
0
55
26
24
11
9
14
24
14
3
10
17
32
30
23
17
27
12
25
22
11
22
16
12
20
26
24
21
18
23
11
13
6
19
23
10
13
12
14
13
15
17
15
10
11
13
9
11
12
8
7
9
8
6
6
5
7
7
2
2
2
3
0
6
9
12
8
5
1
8
9
10
2
2
2
5
7
8
7
6
0
5
4
5
0
5
18
11
13
6
13
13
15
17
17
15
19
19
18
1
9
13
8
0
0
0
