0
0
0
0
0
0
0
0
0
0
0
0
0
0
0
0
0
0
0
0
0
0
0
0
0
0
0
0
0
0
0
0
0
0
0
0
0
0
0
0
0
0
0
0
0
0
0
0
0
0
0
0
0
0
0
0
0
0
0
0
0
0
0
0
0
0
0
0
0
0
0
0
0
0
0
0
0
0
0
0
0
0
0
0
0
0
0
0
0
0
0
0
0
0
0
0
0
0
0
0
0
0
0
0
0
0
0
0
0
0
0
0
0
0
0
0
0
0
0
0
0
0
0
0
0
0
0
0
0
0
0
0
0
0
0
0
0
1
0
4
8
4
5
11
6
7
6
0
7
3
5
8
6
2
6
9
5
5
3
5
5
5
6
2
8
6
9
5
8
13
12
4
6
2
10
3
3
11
6
2
6
6
12
13
13
18
12
20
15
20
18
25
16
25
12
20
20
15
17
15
13
17
14
12
9
10
15
12
7
17
18
21
15
13
12
12
9
19
8
11
13
15
15
16
13
13
10
21
29
21
25
18
17
16
13
11
13
15
10
6
18
16
10
0
10
20
12
0
0
0
