0
0
0
0
0
0
0
0
0
0
0
0
0
0
0
0
0
0
0
0
0
0
0
0
0
0
0
0
0
0
0
0
0
0
0
0
0
0
0
0
0
0
0
0
0
0
0
0
0
0
0
0
0
0
0
0
0
0
0
0
0
0
0
0
0
0
0
0
0
0
0
0
0
0
0
0
0
0
0
0
0
0
0
0
0
0
0
0
0
0
0
0
0
0
0
0
0
0
0
0
0
0
0
0
0
0
0
0
0
0
0
0
0
0
0
0
0
0
0
0
0
0
0
0
0
0
0
0
0
0
0
0
0
0
0
0
0
0
0
0
0
0
0
0
0
0
0
0
1
0
0
0
0
0
0
0
0
0
0
0
0
0
0
0
0
0
0
0
19
2
2
3
0
3
0
0
0
0
0
0
0
1
0
0
0
0
0
0
0
3
0
2
0
4
23
13
9
1
11
42
58
31
29
21
31
3
5
25
18
55
48
44
23
17
17
15
23
12
12
17
18
21
10
6
7
10
5
7
7
16
7
6
11
2
3
13
18
12
2
2
0
12
6
1
18
0
18
0
0
0
