0
1
0
0
0
0
0
0
0
0
0
0
0
0
0
1
0
0
0
0
0
0
0
0
0
0
0
0
0
0
0
0
0
0
1
0
0
0
0
0
0
0
0
0
0
0
0
0
0
0
0
0
0
0
0
0
0
0
0
0
0
0
0
0
0
0
0
0
0
0
0
0
0
0
0
0
0
0
0
0
0
0
0
0
0
0
0
0
0
0
0
0
0
0
0
0
0
0
0
0
0
6
3
0
0
0
4
0
0
1
4
1
0
6
6
18
4
2
2
0
0
0
0
5
2
2
0
2
0
0
0
0
0
1
0
0
1
3
1
1
0
0
1
0
2
2
0
3
0
0
2
0
0
0
0
1
0
0
0
0
0
0
0
0
0
0
0
0
0
0
0
0
2
0
1
0
0
14
5
6
7
1
0
1
0
1
0
24
2
1
16
18
4
10
16
36
2
3
19
29
68
38
39
1
24
27
17
14
8
27
18
20
7
23
10
9
1
6
1
0
0
0
0
0
0
0
0
0
0
0
0
0
0
0
0
1
0
0
0
0
0
0
0
0
0
0
0
0
0
0
