0
0
0
0
0
0
0
0
0
0
2
1
0
0
0
0
0
1
0
0
0
0
0
0
0
0
0
0
0
0
0
0
1
0
0
0
0
0
0
2
0
6
9
16
12
11
24
8
8
5
2
1
0
0
0
5
15
21
24
17
17
11
4
11
0
14
18
14
13
12
25
2
7
0
0
0
0
0
0
0
0
3
0
1
0
0
0
1
4
2
22
32
1
34
56
42
42
10
33
27
59
37
23
6
34
15
30
19
33
22
22
43
35
41
20
44
12
12
20
6
0
0
0
0
0
0
0
0
0
0
0
0
0
0
0
0
0
0
3
0
0
0
0
2
0
0
0
0
0
0
0
0
0
1
0
0
0
1
0
0
0
0
0
1
1
1
0
2
0
2
0
1
2
1
0
0
0
0
0
0
0
0
0
0
0
0
0
0
0
0
0
0
0
0
1
0
0
0
0
0
0
0
1
0
0
0
1
0
0
0
0
0
0
0
0
0
0
0
1
0
0
0
0
0
0
0
0
0
0
0
0
0
0
0
0
0
11
0
0
0
0
0
0
0
0
1
0
0
0
0
