0
0
0
0
0
0
0
0
0
0
0
0
0
0
0
0
0
0
0
0
0
0
0
0
0
0
0
0
0
0
0
0
0
0
0
0
0
0
0
0
0
0
0
0
0
0
0
0
0
0
0
0
0
0
0
0
0
0
0
0
0
0
0
0
0
0
0
0
0
0
0
0
0
0
0
0
0
0
0
0
0
0
0
0
0
0
0
0
0
0
0
0
0
0
0
0
0
0
0
0
0
0
0
0
0
0
0
0
0
0
0
0
0
0
0
0
0
0
0
0
0
0
0
0
0
0
0
0
0
0
0
0
0
0
0
0
0
0
0
0
0
0
0
0
0
0
0
0
0
0
0
0
0
0
0
0
0
5.72348712703
0
4.04393597349
0
0
0
0
0
0
0
0
0
0
4.5119431714
4.39272378053
6.85113015322
5.84551628344
5.25717976007
5.39087991892
4.2991857383
5.69121801492
5.4463034535
2.76394665112
3.21884615016
2.97884886479
4.91528750139
4.94877489955
5.68362693276
4.30922562555
3.74423942455
4.09645134573
3.17592146667
3.59590255356
4.27257413319
4.39140075318
2.92310300015
0
3.27626871238
4.41717832867
4.03125018854
0
0
5.27202691536
4.40124754202
5.85369370193
4.90229322855
8.00066017966
7.23818129799
3.26555125992
6.96821306983
6.97422090345
6.1847864572
6.65540405507
7.18746088477
5.79630824661
5.2601348947
4.62141353868
3.90706416653
5.47390563038
4.56920356792
6.31888534059
6.68533496556
5.87309787918
3.44495663455
1.79218220243
2.92442293365
3.92312456156
2.65257768357
5.81657562645
6.13732997302
5.56355919116
4.4668643062
4.88071597877
3.56151541381
3.27507814605
3.84015003447
4.89000128117
4.43390088044
3.11122110336
2.84063470994
0
3.35380591335
3.91823708917
2.70704420023
3.87701942472
5.17612589486
0
5.34188479517
11.2499973088
5.35087300032
0
0
0
