0
0
0
0
0
0
0
0
0
0
0
0
0
0
0
0
0
0
0
0
0
0
0
0
0
0
0
0
0
0
0
0
0
0
0
0
0
0
0
0
0
0
0
0
0
0
0
0
0
0
0
0
0
0
0
0
0
0
0
0
0
1
0
0
0
0
0
0
0
0
1
0
0
0
0
0
0
0
9
12
13
11
8
18
16
14
16
12
8
2
2
0
2
11
10
12
17
11
15
17
14
9
14
10
14
18
10
13
8
10
10
16
15
13
13
18
14
17
12
20
17
24
25
18
6
37
52
46
53
16
24
25
29
21
17
41
25
30
29
51
56
55
36
49
61
68
48
39
34
34
27
26
45
46
49
57
76
68
42
53
38
45
21
38
53
72
48
47
56
70
59
59
86
82
79
83
71
89
89
53
57
52
75
77
88
73
65
69
56
60
68
70
51
44
51
63
59
46
49
69
62
79
72
110
112
63
113
121
117
130
146
130
123
112
97
125
110
143
156
147
97
55
75
91
65
117
127
122
104
111
86
78
86
103
96
72
64
44
64
70
51
65
82
18
77
148
95
0
0
0
