0
0
0
0
0
0
0
0
0
0
0
0
0
0
0
0
0
0
0
0
0
0
0
0
0
0
0
0
0
0
0
0
0
0
0
0
0
0
0
0
0
0
0
0
0
0
0
0
0
0
0
0
0
0
0
0
0
0
0
0
0
0
0
0
0
0
0
0
0
0
0
0
0
0
0
0
0
0
0
0
0
0
0
0
0
0
0
0
0
0
0
0
0
0
0
0
0
0
0
0
0
0
0
0
0
0
0
0
0
0
0
0
0
0
0
0
0
0
0
0
0
0
0
0
0
0
0
0
0
0
0
0
0
0
0
0
0
0
0
0
0
0
0
0
0
0
0
0
0
0
0
0
0
0
0
0
0
0
0
0
0
0
0
0
0
0
0
2
13
13
22
12
12
8
14
15
10
20
22
17
25
20
21
23
21
19
25
22
15
22
23
25
20
17
12
11
14
15
12
12
9
10
9
7
14
13
21
16
16
21
18
20
15
15
11
12
11
10
7
12
14
18
19
19
20
20
3
0
2
6
19
18
21
16
20
17
24
17
18
13
12
13
11
3
10
11
7
0
0
0
