0
0
0
0
0
0
0
0
0
0
0
0
0
0
0
0
0
0
0
0
0
0
0
0
0
0
0
0
0
0
0
0
0
0
0
0
0
0
0
0
0
0
0
0
0
0
0
0
0
0
0
0
0
0
0
0
0
0
0
0
0
0
0
0
0
0
0
0
0
0
0
0
0
0
0
0
0
0
0
0
0
0
0
0
0
0
0
0
0
0
0
0
0
0
0
0
0
0
0
0
0
0
0
0
0
0
0
0
0
0
0
0
0
0
0
0
0
0
0
0
0
0
0
0
0
0
0
0
0
0
0
0
0
0
0
0
0
0
0
0
0
0
0
0
0
0
0
0
0
0
0
0
22
12
6
8
14
0
0
1
21
11
17
17
9
12
10
12
9
15
19
20
12
21
6
11
5
14
13
12
18
23
23
20
19
11
12
13
10
10
16
10
13
9
17
12
14
8
10
19
15
10
6
8
5
10
25
14
12
12
9
8
4
12
13
9
11
10
18
13
15
15
17
18
16
19
16
17
16
12
14
2
7
11
4
11
14
17
16
11
15
11
15
1
13
11
7
0
0
0
