0
0
0
0
0
0
0
0
0
0
0
0
0
0
0
0
0
0
0
0
0
0
0
0
0
0
0
0
0
0
0
0
0
0
0
0
0
0
0
0
0
0
0
0
0
0
0
0
0
0
0
0
0
0
0
0
0
0
0
0
0
0
0
0
0
0
0
0
0
0
0
0
0
0
0
0
0
0
0
0
0
0
0
0
0
0
0
0
0
0
0
0
0
0
0
0
0
0
0
0
0
0
0
0
0
0
0
10
13
8
12
14
12
15
26
9
14
15
2
0
0
0
0
0
0
5
12
16
11
10
14
18
18
16
22
21
12
10
23
15
2
27
23
29
28
14
7
17
12
1
2
1
1
1
1
0
0
0
0
0
16
16
12
0
0
0
0
0
0
0
0
4
1
0
2
0
0
2
0
0
0
0
0
1
0
0
0
0
0
1
1
0
0
1
0
3
0
0
4
0
0
0
2
2
0
1
8
13
6
15
10
16
12
5
6
5
12
11
18
12
7
1
11
17
18
24
18
17
14
19
13
12
20
15
25
10
16
9
29
22
26
24
34
1
14
3
10
0
0
0
