0
0
0
0
0
0
0
0
0
0
0
0
0
0
0
1
0
0
0
0
0
0
0
0
0
0
0
0
0
0
0
0
0
0
1
1
0
0
0
0
0
0
0
0
0
0
0
0
0
0
0
0
0
0
0
0
0
0
0
0
0
0
0
0
0
0
0
1
1
1
2
1
0
1
5
1
1
2
1
2
1
1
1
0
0
1
3
11
1
1
2
2
1
0
11
9
10
14
0
4
3
4
4
5
2
2
1
0
3
1
0
5
5
2
1
2
1
0
0
0
0
1
2
0
1
0
3
2
3
3
0
0
2
3
1
2
6
4
2
4
3
0
4
2
6
5
5
3
4
1
9
1
9
2
1
3
4
0
0
5
5
0
0
3
8
13
8
1
7
1
0
12
4
0
1
2
0
7
9
3
0
3
0
1
4
8
3
2
3
3
0
0
1
0
0
0
14
18
16
14
12
20
7
9
9
7
12
23
14
14
4
2
5
9
14
39
19
29
27
44
37
13
13
10
12
22
13
0
14
1
21
12
15
8
2
11
16
16
20
9
8
27
8
1
14
30
4
0
0
0
