0
0
0
0
0
0
0
0
0
0
0
0
0
0
0
0
0
0
0
0
0
0
0
0
0
0
0
0
0
0
0
0
0
0
0
0
0
0
0
0
0
0
0
0
0
0
0
0
0
0
0
0
0
0
0
0
0
0
0
0
0
0
0
0
0
0
0
0
0
0
0
0
0
0
0
0
0
0
0
0
0
0
0
0
0
0
0
0
0
0
0
0
0
0
0
0
0
0
0
0
0
0
0
0
0
0
0
0
0
0
0
0
0
0
0
0
0
0
0
0
0
0
0
0
0
0
0
0
0
0
0
0
0
0
0
0
0
0
0
0
0
0
0
0
0
0
0
0
0
0
0
0
13
6
6
7
11
12
8
5
7
3
5
6
5
0
4
2
0
0
0
0
0
2
0
0
0
1
0
0
5
5
18
21
16
16
20
21
18
18
18
19
27
18
12
14
17
18
15
18
16
16
14
13
16
10
24
17
18
18
11
17
15
15
13
15
8
11
21
12
12
18
18
19
18
20
17
13
12
16
17
15
13
15
18
14
18
16
17
14
17
14
13
3
12
18
12
0
0
0
