0
0
0
0
0
0
0
0
0
0
0
0
0
0
0
0
0
0
0
0
0
0
0
1
1
0
0
0
0
0
0
0
0
0
0
0
0
0
0
0
0
0
0
0
0
0
0
0
0
0
0
0
0
0
0
0
0
0
0
0
0
0
0
0
0
0
0
0
0
0
0
0
0
0
0
0
0
0
0
0
0
0
0
0
0
0
0
0
0
0
0
0
0
0
0
0
0
0
0
0
0
0
0
0
0
0
0
0
0
0
0
0
0
0
0
0
0
0
0
0
0
0
0
0
0
0
0
0
0
0
0
0
0
0
0
0
0
0
0
0
0
9
2
37
2
94
44
32
13
10
21
21
11
3
12
15
36
36
32
21
30
26
22
19
16
37
16
14
23
31
28
24
14
25
11
16
7
14
18
14
17
13
18
18
15
4
2
5
5
8
2
1
1
4
8
9
11
15
9
7
19
13
10
6
5
5
5
7
5
4
7
4
4
4
2
2
1
1
2
3
5
5
6
7
2
0
0
0
1
0
0
0
0
0
0
0
0
0
0
0
0
0
0
0
0
0
0
0
0
0
