0
0
0
0
0
0
0
0
0
0
0
0
0
0
0
0
0
0
0
0
0
0
0
0
0
0
0
0
0
0
0
0
0
0
0
0
0
0
0
0
0
0
0
0
0
0
0
0
0
0
0
0
0
0
0
0
0
0
0
0
0
0
0
0
0
0
0
0
0
0
0
0
0
0
0
0
0
0
0
0
0
0
0
0
0
0
0
0
0
0
0
0
0
0
0
0
0
0
0
0
0
0
0
0
0
0
0
0
0
0
0
0
0
0
0
0
0
0
0
0
0
0
0
9.81812628941
6.72260268255
7.08923960887
5.84386453251
5.66317294953
5.5857563974
3.57179591986
3.92300263729
3.89004696185
2.9943591032
4.71570503672
4.1635485366
48.4781614652
6.02292849364
6.32850061183
5.20065489483
4.35808563936
4.4881929637
4.27882418614
2.86586259857
3.45773685395
4.50579969791
4.04794100584
4.31315103196
4.53375607247
3.15374526024
3.97380721035
3.74042324088
5.11411248738
4.86323500628
2.78639651173
5.62284686311
2.07883658655
3.5543971708
6.60047592459
5.49455402533
6.89543165416
5.80687788905
6.82315163577
6.01628002359
4.50098188692
6.49657425698
6.9586471791
0
0
0
0
0
0
0
0
0
0
0
0
0
0
0
0
0
0
0
0
0
0
0
0
0
0
0
0
0
0
0
0
0
0
0
0
0
0
0
0
0
0
0
0
0
0
0
0
0
0
0
0
0
0
0
0
0
0
0
0
0
0
0
0
0
0
0
0
0
0
0
0
0
0
0
0
0
0
0
0
0
0
0
0
