0
0
0
0
0
0
0
0
0
0
0
0
0
0
0
0
0
0
0
0
0
0
0
0
0
0
0
0
0
0
0
0
0
0
0
0
0
0
0
0
0
0
0
0
0
0
0
0
0
0
0
0
0
0
0
0
0
0
0
0
0
0
0
0
0
0
0
0
0
0
0
0
0
0
0
0
0
0
0
0
0
0
0
0
0
0
0
0
0
0
0
0
0
0
0
0
0
0
0
0
0
4
23
12
7
13
13
17
23
19
22
21
31
26
21
54
59
59
52
47
81
56
105
122
103
115
105
106
108
77
81
79
63
87
79
621
204
217
189
163
164
155
109
120
143
129
128
131
96
111
104
132
129
83
142
65
90
145
130
160
146
171
161
130
175
192
24
16
21
22
23
20
24
13
14
21
22
19
21
22
19
21
22
23
13
18
20
22
15
17
18
23
19
21
21
22
19
22
21
23
22
20
19
23
24
17
21
14
9
28
24
23
28
24
24
19
12
12
16
17
15
15
17
16
9
13
10
17
12
18
15
13
12
10
13
12
12
12
9
12
11
12
11
2
10
13
6
0
0
0
