0
0
0
0
0
0
0
0
0
0
0
0
0
0
0
0
0
0
0
0
0
0
0
0
0
0
0
0
0
0
0
0
0
0
0
0
0
0
0
0
0
0
0
0
0
0
0
0
0
0
0
0
0
0
0
0
0
0
0
0
0
0
0
0
0
0
0
0
0
0
0
0
0
0
0
0
0
0
0
0
0
0
0
0
0
0
0
0
0
0
0
0
0
0
0
0
0
0
0
0
0
0
0
0
0
0
0
0
0
0
0
0
0
0
0
0
0
0
0
0
0
0
0
0
0
0
0
0
0
0
0
0
0
0
0
0
0
0
6.81891313907
35.2340383877
23.3003626501
12.1154311966
7.69983640792
12.1253075909
10.5018753853
15.4329454611
7.06218298494
0
11.4625971883
4.68117004292
4.7386169504
5.37003845389
4.99256857558
3.47760716722
5.73246271395
4.66398329312
5.21779244562
5.21653156529
5.46456464068
5.17291165086
5.09726984269
4.70528448127
5.25918733869
5.57926560141
5.70884110096
7.7106468702
6.85164037783
6.4200140187
7.66214766164
9.81149833961
6.94359758725
5.5300438892
5.97015019422
4.74855342195
7.31775880426
5.5598644077
5.89147707236
7.36545158757
7.47841381201
5.42197722097
6.76022915327
6.38184914833
14.784057353
13.6850618747
14.5254922809
13.0145740402
11.0411954471
9.79296207279
10.1306451641
10.1971978919
7.22128582732
10.6242368653
8.394331384
8.83974875771
6.85511036424
7.77193094417
7.1545822073
8.04182319377
7.1910939428
7.0904343638
7.52192570052
7.26003344403
7.49497058216
5.45086105802
5.33628458546
4.31529602886
8.4470666966
4.9373072512
3.34496823871
7.59929354076
7.48323248841
7.92115400325
6.39143926357
6.3004124026
10.6695395311
7.8518235303
4.46039588808
11.5794440271
8.71621073648
8.87742669199
11.4988459735
9.81155522882
8.25447186992
9.17739934588
7.7309477282
8.16455917713
4.90344321809
6.88586925989
10.7405804929
4.28629902331
11.8705801437
9.33765436473
8.52982108863
6.76201664656
6.49730325156
6.50570596535
5.19975989518
9.29712179864
7.13048288633
4.06470022381
8.98637395839
9.27553137371
7.73293865022
1.19245399727
11.497733968
9.57236671639
6.89738242342
0
0
0
