0
0
0
0
0
0
0
0
0
0
0
0
0
0
0
0
0
0
0
0
0
0
0
0
0
0
0
0
0
0
0
0
0
0
0
0
0
0
0
0
0
0
0
0
0
0
0
0
0
0
0
0
0
0
0
0
0
0
0
0
0
0
0
0
0
0
0
0
0
0
0
0
0
0
0
0
0
0
0
0
0
0
0
0
0
0
0
0
0
0
0
0
0
0
0
0
0
0
0
0
0
0
0
0
0
0
0
0
0
0
0
0
0
0
0
0
0
0
0
0
0
0
1
0
0
1
0
4
0
0
0
0
4
30
60
159
74
85
84
359
438
357
282
439
447
692
425
24
563
294
287
309
287
208
300
252
268
267
281
268
263
243
262
275
281
363
340
329
393
503
407
343
363
299
422
344
358
433
453
355
422
409
856
951
1162
1232
1207
1183
1293
1385
1089
1535
1337
1431
1181
1306
1227
1359
1254
1240
1307
1283
1326
1012
961
772
1311
844
577
1090
1090
1161
979
955
1497
1231
766
1670
1418
1492
1935
1817
1632
1821
1621
1708
1109
1422
2081
990
2275
1991
1902
1584
1511
1485
1200
1933
1587
963
1816
1914
1684
334
2093
1926
1505
0
0
0
