0
0
0
0
0
0
0
0
0
0
0
0
0
0
0
0
0
0
0
0
0
0
0
0
0
0
0
0
0
0
0
0
0
0
0
0
0
0
0
0
0
0
0
0
0
0
0
0
0
0
0
0
0
0
0
0
0
0
0
0
0
0
0
0
1
0
0
0
0
0
0
0
0
0
0
0
0
0
0
0
0
0
0
0
0
0
0
0
0
0
0
0
0
0
0
0
0
0
0
0
0
0
0
0
0
0
0
0
0
0
0
0
0
0
0
0
0
0
0
0
0
0
0
0
0
0
0
0
0
0
0
0
0
0
0
0
0
0
0
0
0
0
0
0
0
0
0
0
0
0
0
0
0
0
0
0
0
0
0
0
0
0
0
0
3
12
6
5
7
2
6
15
7
8
5
1
0
10
11
7
7
6
7
8
4
0
0
77
9
68
117
24
56
41
6
6
7
8
8
6
8
7
8
7
6
6
6
7
8
7
5
7
6
1
7
8
6
6
10
7
7
6
8
6
5
6
8
6
4
6
3
0
6
5
6
19
10
8
4
17
29
56
70
0
6
59
35
0
0
0
