0
0
0
0
0
0
0
0
0
0
0
0
0
0
0
0
0
0
0
0
0
0
0
0
0
0
0
0
0
0
0
0
0
0
0
0
0
0
0
0
0
0
0
0
0
0
0
0
0
0
0
0
0
0
0
0
0
0
0
0
0
0
0
0
0
0
0
0
0
0
0
0
0
0
0
0
0
0
0
0
0
0
0
0
0
0
0
0
0
0
0
0
0
0
0
0
0
0
0
0
0
0
0
0
0
0
0
0
0
0
0
0
0
0
0
0
0
0
0
0
0
0
0
0
0
0
0
0
0
0
0
0
0
0
0
0
0
0
0
0
0
0
0
0
0
0
0
3
2
7
8
9
5
1
3
7
9
18
8
4
12
8
9
7
3
8
2
2
8
12
17
17
10
18
8
8
8
17
16
16
23
18
21
13
19
16
20
14
15
12
12
11
7
9
7
14
11
13
12
13
11
11
10
15
16
11
19
11
10
13
9
8
10
11
11
6
4
9
5
10
10
10
14
11
13
13
11
18
9
10
19
17
18
15
11
13
15
17
16
14
18
11
11
1
14
12
13
0
0
0
