0
0
0
0
0
0
0
0
0
0
0
0
0
0
0
0
0
0
0
0
0
0
0
0
0
0
0
0
0
0
0
0
0
0
0
0
0
0
0
0
0
0
0
0
0
0
0
0
0
0
0
0
0
0
0
0
0
0
0
0
0
0
0
0
0
0
0
0
0
0
0
0
0
0
0
0
0
0
0
0
0
0
0
0
0
0
0
0
0
0
0
0
0
0
0
0
0
0
0
0
0
0
0
0
0
0
0
0
0
0
0
0
0
0
0
0
0
0
0
0
0
0
0
0
0
0
0
0
0
0
0
0
0
0
0
0
0
0
0
0
4
3
3
2
1
8
7
3
0
4
4
5
0
0
2
3
4
8
6
3
4
1
7
5
2
9
1
2
2
0
12
4
4
6
3
11
6
15
16
16
0
0
5
9
12
8
10
11
8
18
12
17
20
18
13
14
15
16
14
14
14
12
17
14
16
10
6
19
15
13
10
10
11
14
10
10
5
10
12
12
9
8
13
18
17
19
17
17
14
17
20
21
19
18
20
16
19
17
18
19
19
20
20
3
18
21
15
0
0
0
