0
0
0
0
0
0
0
0
0
0
0
0
0
0
0
0
0
0
0
0
0
0
0
0
0
0
0
0
0
0
0
0
0
0
0
0
0
0
0
0
0
0
0
0
0
0
0
0
0
0
0
0
0
0
0
0
0
0
0
0
0
0
0
0
0
0
0
0
0
0
0
0
0
0
0
0
0
0
0
0
0
0
0
0
0
0
0
0
0
0
0
0
0
0
0
0
0
0
0
0
0
0
0
0
0
0
0
0
0
0
0
0
0
0
0
0
0
0
0
0
0
0
0
0
0
0
0
0
0
0
0
0
0
0
0
0
0
0
0
0
0
0
31
13
3
32
32
11
18
6
8
9
6
1
5
10
19
20
23
12
15
13
9
5
10
10
4
8
12
12
18
17
13
20
6
12
6
14
21
18
13
15
12
14
13
14
12
12
7
11
10
11
11
10
8
10
7
5
4
6
6
5
4
8
7
8
13
5
10
9
2
4
9
10
10
6
1
7
6
8
10
10
7
8
2
12
5
6
1
6
18
14
11
14
14
15
14
15
16
10
12
14
11
3
14
8
5
0
0
0
