0
0
0
0
0
0
0
0
0
0
0
0
0
0
0
0
0
0
0
0
0
0
0
0
0
0
0
0
0
0
0
0
0
0
0
0
0
0
0
0
0
0
0
0
0
0
0
0
0
0
0
0
0
0
0
0
0
0
0
0
0
0
0
0
0
0
0
0
0
0
0
0
0
0
0
0
0
0
0
0
0
0
0
0
0
0
0
0
0
0
0
0
0
0
0
0
0
0
0
0
0
0
0
0
0
0
0
0
0
0
0
0
0
0
0
0
0
0
0
0
0
0
0
0
0
0
0
0
0
0
0
0
0
0
0
0
0
0
0
0
0
0
0
0
0
0
0
0
0
5
10
8
6
0
5
6
10
15
11
10
11
6
5
5
3
10
0
1
7
5
13
20
7
14
9
14
7
19
16
13
14
18
19
17
20
20
17
21
14
12
13
19
18
16
14
13
15
20
14
15
6
7
5
4
5
9
15
19
18
15
13
6
9
14
15
12
2
7
4
6
7
13
15
15
14
16
15
11
12
11
6
3
9
8
11
9
9
17
14
12
15
12
13
2
17
14
10
0
0
0
