0
0
0
0
0
0
0
0
0
0
0
0
0
0
0
0
0
0
0
0
0
0
0
0
0
0
0
0
0
0
0
0
0
0
0
0
0
0
0
0
0
0
0
0
0
0
0
0
0
0
0
0
0
0
0
0
0
0
0
0
0
0
0
0
0
0
0
0
0
0
0
0
0
0
0
0
0
0
0
0
0
0
0
0
0
0
0
0
0
0
0
0
0
0
0
0
0
0
0
0
0
0
0
0
0
0
0
0
0
0
0
0
0
0
0
0
0
0
0
0
0
2
0
0
0
0
0
0
0
0
0
0
0
0
0
0
0
0
0
0
1
2
2
2
2
1
3
1
7
6
4
3
0
0
2
2
4
17
14
8
9
9
13
10
11
15
6
6
4
4
4
6
5
2
0
0
0
0
2
2
1
1
7
22
31
25
35
26
28
24
32
28
27
28
8
0
0
0
11
15
19
21
29
28
21
17
26
22
28
32
27
24
15
16
19
13
5
6
7
7
9
8
8
7
5
7
5
7
5
6
7
3
8
6
7
7
7
11
5
5
4
4
5
1
4
5
5
0
0
0
