0
0
0
0
0
0
0
0
0
0
0
0
0
0
0
0
0
0
0
0
0
0
0
0
0
0
0
0
0
0
0
0
0
0
0
0
0
0
0
0
0
0
0
0
0
0
0
0
0
0
0
0
0
0
0
0
0
0
0
0
0
0
0
0
0
0
0
0
0
0
0
0
0
0
0
0
0
0
0
0
0
0
0
0
0
0
0
0
0
0
0
0
0
0
0
0
0
0
0
0
0
0
0
0
0
0
0
0
0
0
0
0
0
0
0
0
0
0
0
0
0
0
0
0
0
0
0
0
0
0
0
0
0
0
0
0
0
0
0
0
0
0
0
0
0
0
0
0
0
0
0
0
0
0
9
8
13
14
12
8
5
0
0
0
0
18
16
17
16
20
24
13
6
4
5
15
8
16
17
9
12
16
4
1
4
4
6
8
11
18
15
10
24
17
14
14
15
16
13
15
10
8
5
4
1
1
13
10
0
0
0
0
6
20
22
21
19
19
18
12
16
25
22
19
10
5
1
10
17
11
17
16
7
9
11
15
16
16
17
17
18
18
17
2
19
19
15
0
0
0
