0
0
0
0
0
0
0
0
0
0
0
0
0
0
0
0
0
0
0
0
0
0
0
0
0
0
0
0
0
0
0
0
0
0
0
0
0
0
0
1
0
0
0
0
0
0
0
0
0
0
0
0
0
0
0
0
0
0
0
0
0
0
0
0
0
0
0
1
0
0
0
0
0
0
0
0
0
0
0
0
0
0
0
0
0
0
0
0
0
0
0
0
0
0
0
0
0
0
0
0
0
0
0
0
0
0
0
1
0
0
0
1
0
0
2
3
3
3
0
0
0
0
1
0
3
7
2
4
0
0
2
0
0
0
0
0
0
0
0
0
0
0
0
0
0
0
0
0
0
0
0
0
0
0
0
0
0
0
0
0
0
0
0
0
0
0
0
0
0
0
0
0
0
0
0
0
0
0
0
0
0
0
0
0
7
15
13
12
13
18
1
0
9
19
12
12
14
18
16
17
14
14
19
17
21
11
21
11
10
17
17
19
19
17
14
16
9
19
19
16
21
19
22
21
21
20
22
19
17
19
20
14
14
19
19
17
17
21
20
19
22
20
25
4
20
19
21
0
0
0
