3
14
24
20
15
15
14
24
13
13
18
12
25
16
7
8
6
22
7
25
18
11
3
13
15
4
4
5
5
3
9
9
17
21
11
10
6
0
2
1
5
15
11
23
25
24
30
33
122
35
56
6
32
123
407
596
375
102
28
28
24
25
19
23
32
27
48
29
38
36
31
43
25
5
5
7
20
7
77
27
9
14
30
9
39
26
21
25
17
32
22
22
24
42
27
48
17
23
17
36
22
24
16
9
11
14
34
44
14
28
14
20
40
28
35
39
23
27
26
17
12
26
15
33
22
21
17
18
18
26
32
23
9
12
25
38
32
34
22
43
39
24
12
28
25
20
18
14
40
41
27
38
17
26
22
16
21
29
33
23
18
26
17
18
27
33
26
21
22
26
24
28
42
20
20
36
31
23
17
31
28
19
22
24
20
43
27
24
28
26
33
19
28
32
30
31
27
28
25
35
40
33
34
41
45
27
50
21
21
22
19
22
23
13
29
21
24
15
36
21
23
20
24
32
19
22
16
26
15
17
17
22
18
15
11
21
15
12
22
24
21
19
13
10
27
22
12
0
0
0
