0
0
0
0
0
0
0
0
0
0
0
0
0
0
0
0
0
0
0
0
0
0
0
0
0
0
0
0
0
0
0
0
0
0
0
0
0
0
0
0
0
0
0
0
0
0
0
0
0
0
0
0
0
0
0
0
0
0
0
0
0
0
0
0
0
0
0
0
0
0
0
0
0
0
0
0
0
0
0
0
0
0
0
0
0
0
0
0
0
0
0
0
0
0
0
0
0
0
0
0
0
0
0
0
0
0
0
0
0
0
0
0
0
0
0
0
0
0
0
0
0
0
0
0
0
0
0
0
0
0
0
0
0
0
0
0
0
0
0
0
0
0
0
0
0
0
0
0
0
0
0
0
0
0
0
0
0
0
0
0
0
0
0
0
0
0
0
0
0
0
6
11
15
17
11
0
5
7
7
9
29
31
26
24
25
20
23
28
23
16
16
19
13
18
10
12
13
18
15
19
17
17
16
10
14
12
20
17
14
1
1
5
13
14
12
11
6
9
6
10
14
13
19
13
11
8
18
5
13
1
12
5
5
5
10
11
8
18
19
10
21
10
23
4
13
16
20
0
0
0
