0
0
0
0
0
0
0
0
0
0
0
0
0
0
0
0
0
0
0
0
0
0
0
0
0
0
0
0
0
0
0
0
0
0
0
0
0
0
0
0
0
0
0
0
0
0
0
0
0
0
0
0
0
0
0
0
0
0
0
0
0
0
0
0
0
0
0
0
0
0
0
0
0
0
0
0
0
0
0
0
0
0
0
0
0
0
0
0
0
0
0
0
0
0
0
0
0
0
0
0
0
0
0
0
0
0
0
0
0
0
0
0
0
0
0
0
0
0
0
0
0
0
0
0
0
0
0
0
0
0
0
0
0
0
0
0
0
0
0
0
2
11
10
3
5
1
23
0
7
0
0
0
0
0
0
0
0
3
6
5
4
12
27
20
9
22
2
7
39
3
17
0
4
23
9
11
0
0
1
0
0
0
0
0
2
0
62
10
3
15
28
26
0
0
0
0
0
0
0
0
0
0
0
0
0
0
0
0
1
21
9
10
4
0
2
7
15
2
3
55
9
70
27
16
51
44
30
5
6
4
5
39
9
6
25
86
33
5
0
7
0
0
0
1
6
4
5
0
0
0
