0
0
0
0
0
0
0
0
0
0
0
0
0
0
0
0
0
0
0
0
0
0
0
0
0
0
0
0
0
0
0
0
0
0
0
0
0
0
0
0
0
0
0
0
0
0
0
0
0
0
0
0
0
0
0
0
0
0
0
0
0
0
0
0
0
0
0
0
0
0
0
0
0
0
0
0
0
0
0
0
0
0
0
0
0
0
0
0
0
0
0
0
0
0
0
0
0
0
0
0
0
0
0
0
0
0
0
0
0
0
0
0
0
0
0
0
0
0
0
0
0
0
0
0
0
0
0
0
0
0
0
0
0
0
0
0
0
0
0
0
0
0
0
0
0
0
0
0
0
0
0
0
0
0
0
0
0
0
0
7
3
2
2
1
1
5
4
5
5
1
3
13
6
4
2
1
0
3
8
6
6
1
6
6
2
0
12
0
17
39
37
51
22
20
5
2
2
0
2
0
0
0
0
0
0
0
0
0
0
0
0
0
0
6
21
11
7
11
9
7
7
7
10
9
7
9
6
7
6
7
5
0
9
0
41
57
24
35
8
32
63
93
60
4
4
68
49
0
0
0
