0
0
0
0
0
0
0
0
0
0
0
0
0
0
0
0
0
0
0
0
0
0
0
0
0
0
0
0
0
0
0
0
0
0
0
0
0
0
0
0
0
0
0
0
0
0
0
0
0
0
0
0
0
0
0
0
0
0
0
0
0
0
0
0
0
0
0
0
0
0
0
0
0
0
0
0
0
0
0
0
2
1
5
6
5
2
0
0
0
2
13
3
0
0
1
0
0
8
36
85
0
0
0
0
0
0
0
11
19
0
1
0
0
2
12
0
0
3
1
0
0
2
0
0
0
1
0
0
0
1
3
1
0
0
7
0
0
1
0
0
0
0
0
0
0
0
0
0
2
1
0
0
1
9
5
2
0
3
1
0
1
0
0
1
4
0
1
5
2
0
1
0
6
3
1
0
0
0
6
1
0
0
0
1
0
0
0
0
0
0
6
5
6
5
7
7
18
23
21
24
30
32
25
25
13
4
4
11
6
3
5
6
7
1
2
10
2
14
11
14
14
14
16
8
25
16
9
16
11
10
11
8
12
3
7
5
18
22
22
15
8
15
20
10
18
22
17
0
0
0
