0
0
0
0
0
0
0
0
0
0
0
0
0
0
0
0
0
0
0
0
0
0
0
0
0
0
0
0
0
0
0
0
0
0
0
0
0
0
0
0
0
0
0
8
11
12
3
0
0
0
0
0
0
0
0
0
0
0
0
0
0
0
0
0
0
0
0
0
0
0
21
1
11
12
13
0
0
0
3
0
0
29
13
12
3
26
40
40
26
8
13
10
10
12
0
10
20
9
2
23
21
20
16
18
18
19
16
20
11
6
0
0
0
0
0
0
0
0
0
0
0
0
0
1
0
0
2
30
32
16
0
7
0
0
17
1
0
0
18
27
14
0
0
0
0
0
0
0
0
0
0
0
0
0
1
0
0
0
0
0
10
26
5
0
0
0
0
11
13
40
49
56
9
1
1
0
4
0
0
0
1
0
0
0
0
0
0
0
0
0
0
0
0
0
0
0
0
4
0
0
0
0
0
0
0
0
0
0
4
0
0
0
3
2
2
6
0
1
3
0
13
0
2
4
0
1
3
0
0
1
0
0
1
11
9
2
2
3
0
0
1
0
0
0
0
1
0
0
0
0
