0
0
0
0
0
0
0
0
0
0
0
0
0
16
29
11
0
7
24
13
35
21
17
45
20
7
4
1
1
0
0
0
9
0
0
0
0
0
0
0
1
0
3
14
1
2
0
1
0
2
0
0
1
0
3
6
2
2
0
8
3
2
5
5
4
4
17
29
28
43
37
2
54
17
159
7
40
241
81
114
1
110
63
57
68
8
0
2
6
2
4
44
21
25
22
8
2
1
2
0
3
3
7
7
6
11
5
4
0
1
0
0
1
0
0
5
0
0
0
0
0
2
0
0
1
1
3
1
0
0
6
2
2
6
9
2
3
1
6
5
18
7
5
19
6
17
26
7
10
12
1
1
8
14
4
4
4
3
3
6
7
2
1
0
0
2
2
0
0
0
1
0
1
1
13
1
6
2
1
7
13
20
22
14
12
17
122
472
431
531
621
483
611
451
6
25
3
34
20
23
25
14
60
10
8
25
27
6
24
19
20
19
4
21
12
20
12
4
0
0
0
1
0
0
0
2
0
1
0
0
0
0
0
0
0
1
0
0
0
1
0
0
0
0
0
1
0
0
0
0
