0
0
0
0
0
0
0
0
0
0
0
0
0
0
0
0
0
0
0
0
0
0
0
0
0
0
0
0
0
0
0
0
0
0
0
0
0
0
0
0
0
0
0
0
0
0
0
0
0
0
0
0
0
0
0
0
0
0
0
0
0
0
0
0
0
0
0
0
0
0
0
0
0
0
0
0
0
0
0
0
0
0
0
0
0
0
0
0
0
0
0
0
0
0
0
0
0
0
0
0
0
0
0
0
0
0
0
0
0
0
0
0
0
0
0
0
0
0
0
0
0
0
0
0
0
0
0
0
0
0
0
0
0
0
0
0
0
0
3
0
3
1
0
4
1
7
0
0
0
0
1
0
0
1
0
0
2
0
0
0
1
2
1
0
1
2
1
2
2
4
2
3
3
4
3
1
3
2
4
2
6
10
9
9
9
18
25
24
28
28
22
22
26
24
14
24
24
27
25
22
20
20
21
21
20
13
16
10
8
11
37
35
17
22
29
24
8
25
17
25
25
27
19
9
12
10
9
8
8
7
6
11
4
4
5
0
0
0
0
0
0
1
0
0
1
0
0
0
0
0
