0
0
0
0
0
0
0
0
0
0
0
0
0
0
0
0
0
0
0
0
0
0
0
0
0
0
0
0
0
0
0
0
0
0
0
0
0
0
0
0
0
0
0
0
0
0
0
0
0
0
0
0
0
0
0
0
0
0
0
0
0
0
0
0
0
0
0
0
0
0
0
0
0
0
0
0
0
0
0
0
0
0
0
0
0
0
0
0
0
0
0
0
0
0
0
0
0
0
0
0
0
0
0
0
0
0
0
0
0
0
0
0
0
0
0
0
0
0
0
0
0
0
0
0
0
0
0
0
0
0
0
0
0
0
0
0
0
0
0
0
0
0
0
0
0
0
0
0
0
0
0
0
0
0
1
3
2
2
2
4
2
12
10
20
12
2
11
19
11
9
7
13
14
10
15
20
15
15
19
20
17
21
15
20
14
18
19
17
11
16
13
11
15
12
12
11
11
11
10
14
19
20
19
17
20
16
24
19
19
22
22
21
15
16
15
10
3
12
8
8
6
11
10
9
7
11
8
3
1
3
3
3
2
3
10
6
2
4
3
4
4
7
3
1
6
4
6
0
0
0
