0
0
0
0
0
0
0
0
0
0
0
0
0
0
0
0
0
0
0
0
0
0
0
0
0
0
0
0
0
0
0
0
0
0
0
0
0
0
0
0
0
0
0
0
0
0
0
0
0
0
0
0
0
0
0
0
0
0
0
0
0
0
0
0
0
0
0
0
0
0
0
0
0
0
0
0
0
0
0
0
0
0
0
0
0
0
0
0
0
0
0
0
0
0
0
0
0
0
0
0
0
0
0
0
0
0
0
0
0
0
0
0
0
0
0
0
0
0
0
0
0
0
0
0
0
0
0
0
0
0
0
0
0
0
0
0
0
0
0
0
0
0
0
0
0
0
0
0
0
0
0
0
0
5
7
7
9
9
10
5
13
4
5
6
7
2
1
0
0
0
19
23
17
9
0
0
0
0
0
16
19
17
22
13
21
19
19
15
13
1
1
0
0
1
0
0
9
14
11
18
16
13
6
4
13
10
16
4
5
1
5
4
4
0
4
19
15
20
20
12
15
17
19
19
17
20
18
17
15
13
19
20
17
14
17
15
17
17
17
13
16
8
10
3
18
19
16
0
0
0
