0
0
0
0
0
0
0
0
0
0
0
0
0
0
0
0
0
0
0
0
0
0
0
0
0
0
0
0
0
0
0
0
0
0
0
0
0
0
0
0
0
0
0
0
0
0
0
0
0
0
0
0
0
0
0
0
0
0
0
0
0
0
0
0
0
0
0
0
0
0
0
0
0
0
0
0
0
0
0
0
0
0
0
0
0
0
0
0
0
0
0
0
0
0
0
0
0
0
0
0
0
0
0
0
0
0
0
0
0
0
0
0
0
0
0
0
0
0
0
0
0
0
0
0
0
0
0
0
0
0
0
0
0
0
0
0
0
0
0
0
0
3
1
0
0
0
0
0
0
0
0
0
9
2
4
4
6
8
6
5
3
8
15
16
6
5
2
11
5
0
0
0
0
0
0
0
18
19
35
36
34
36
36
40
36
33
40
38
29
23
20
18
16
13
13
17
17
13
9
10
17
13
6
2
7
3
1
1
3
2
2
4
5
8
3
6
3
5
1
9
9
23
18
19
15
21
18
2
2
3
5
5
1
5
4
5
4
5
3
2
4
3
2
2
2
1
3
0
0
0
