4
3
2
4
4
0
3
3
1
0
3
4
5
3
4
4
6
4
5
7
2
3
4
3
6
6
3
5
4
4
5
5
6
1
5
3
5
5
7
7
5
4
5
3
6
9
5
5
7
4
5
0
4
5
3
4
6
5
5
4
5
6
11
12
11
9
10
11
7
11
6
8
17
11
14
13
23
18
23
34
21
12
2
2
7
3
1
2
2
4
1
6
0
1
1
2
1
23
14
1
11
8
8
5
0
11
3
5
7
7
2
16
3
0
1
12
14
9
14
7
6
7
7
2
2
2
2
2
2
5
2
2
5
4
0
4
0
2
2
0
2
2
2
2
2
2
2
2
0
0
1
0
0
0
0
2
0
0
0
1
0
0
0
1
0
0
0
0
0
1
0
0
0
0
1
0
0
0
0
0
0
1
0
0
0
0
0
0
0
0
0
0
0
0
0
0
0
0
0
0
0
0
0
0
0
0
0
0
0
0
0
0
0
0
0
0
0
0
0
0
0
0
0
0
0
0
0
0
0
0
0
0
0
0
0
0
0
0
0
0
0
0
0
0
0
0
0
0
0
0
