0
0
0
0
0
0
0
0
0
0
0
0
0
0
0
0
0
0
0
0
0
0
0
0
0
0
0
0
0
0
0
0
0
0
0
0
0
0
0
0
0
0
0
0
0
0
0
0
0
0
0
0
0
0
0
0
0
0
0
0
0
0
0
0
0
0
0
0
0
0
1
0
2
3
2
0
0
0
0
0
0
0
0
0
0
0
0
0
0
0
0
0
0
0
0
0
0
0
0
0
0
0
0
0
0
0
0
0
0
3
9
7
5
6
7
6
5
6
0
0
0
0
0
0
0
4
11
15
6
9
7
4
11
16
12
21
9
8
19
9
2
19
31
30
30
6
6
22
9
5
3
3
2
5
1
0
0
0
0
0
0
0
0
0
0
0
0
1
1
0
0
1
1
1
1
0
0
4
0
1
1
0
0
2
0
0
0
0
0
0
1
1
2
1
0
1
0
0
5
11
6
10
12
24
16
14
33
33
20
44
22
27
28
14
10
21
33
15
22
6
7
7
14
10
5
6
6
3
3
2
11
7
13
15
9
10
3
6
9
0
2
4
3
0
0
0
0
0
0
0
