0
0
0
0
0
0
0
0
0
0
0
0
0
0
0
0
0
0
0
0
0
0
0
0
0
0
0
0
0
0
0
0
0
0
0
0
0
0
0
0
0
0
0
0
0
0
0
0
0
0
0
0
0
0
0
0
0
0
0
0
0
0
0
0
0
0
0
0
0
0
0
0
0
0
0
0
0
0
0
0
0
0
0
0
0
0
0
0
0
0
0
0
0
0
0
0
0
0
0
0
0
0
0
0
0
0
0
0
0
0
0
0
0
0
0
0
0
0
0
0
0
0
0
0
0
0
0
0
0
0
0
0
0
0
0
0
0
0
0
0
0
0
0
0
0
0
0
0
0
0
0
0
0
0
0
0
0
0
0
0
0
0
0
0
0
0
5.27165128809
5.1335690671
6.56352340567
3.98797700621
3.51936280077
4.30517798294
4.28462813234
6.7366130232
7.97337912404
7.19569146979
4.80925563633
4.64889812101
7.06290993074
4.24067016353
4.25452698289
3.84074798337
2.37076099887
5.54444943705
4.2890354729
6.76842663719
4.34324806983
4.79951481336
6.46628112522
6.54419525107
5.55410423904
4.87132936608
3.54228125848
3.69970108943
4.42981271535
3.62286661413
3.14740764579
3.71214916106
3.75201158988
4.70916320677
3.79901981377
4.47165838491
3.12588956451
2.79709723656
3.9614840454
0
4.38612925254
0
4.47344752672
4.93785900837
0
4.80149425531
3.49437096127
4.43183135378
3.4161024834
5.39238527613
4.49200316423
4.43309747628
4.36602885124
4.67687295043
0
8.35086134351
3.84101713241
3.44165325353
6.22931626996
4.13720524385
3.90875993078
5.44065709419
4.60304987019
4.40940767577
4.99502879231
2.95692352403
0
2.99666815252
3.27911742469
0
0
3.98510117128
0
7.96925514929
0
4.00741700672
4.1127545274
0
0
5.22378305505
0
0
0
0
