0
0
0
0
0
0
0
0
0
0
0
0
0
0
0
0
0
0
0
0
0
0
0
0
0
0
0
0
0
0
0
0
0
0
0
0
0
0
0
0
0
0
0
0
0
0
0
0
0
0
0
0
0
0
0
0
0
0
0
0
0
0
0
0
0
0
0
0
0
0
0
0
0
0
0
0
0
0
0
0
0
0
0
0
0
0
0
0
0
0
0
0
0
0
0
0
0
0
0
0
0
0
0
0
0
0
0
0
0
0
0
0
0
0
0
0
0
0
0
0
0
0
4
7
5
0
0
0
0
0
0
0
0
0
0
0
0
2
0
0
0
0
0
0
0
0
20
8
14
24
16
0
6
0
1
21
6
29
53
32
45
63
94
51
54
71
65
66
83
59
53
61
61
88
109
111
86
85
121
85
85
78
52
97
81
117
86
93
120
127
117
108
84
85
96
81
70
77
76
89
75
84
63
56
71
12
67
32
64
70
41
66
52
62
51
72
65
65
65
69
45
107
63
57
90
68
65
84
76
74
82
55
41
50
52
30
42
53
42
90
47
56
57
8
64
64
49
0
0
0
