8
1
2
0
17
0
7
6
24
56
12
28
9
9
6
9
8
5
3
8
13
5
4
18
15
1
2
3
2
4
2
3
1
4
23
22
5
8
5
8
7
9
12
28
12
21
6
8
9
7
5
5
4
2
20
17
8
37
63
47
74
59
41
100
118
48
62
73
51
30
77
19
56
12
40
5
2
2
9
14
17
17
27
11
24
17
25
22
61
18
20
25
18
26
8
15
13
25
57
35
27
10
11
5
21
15
89
50
149
104
44
46
412
399
83
69
150
135
62
90
140
115
98
102
67
28
39
44
24
39
31
10
13
12
9
16
11
22
8
3
9
6
15
14
10
2
8
6
26
40
1
3
6
6
10
10
1
6
22
40
24
41
36
16
28
11
30
18
13
21
11
25
12
22
22
7
4
2
17
6
6
0
7
4
2
12
7
4
6
6
5
3
2
5
1
1
9
8
4
4
2
2
2
1
1
0
2
1
0
1
0
2
3
0
1
0
0
0
0
0
0
0
0
0
0
0
0
0
0
0
1
1
0
0
0
1
0
0
0
1
0
0
0
0
0
0
3
0
0
0
