3
12
10
17
7
16
9
53
16
32
46
82
56
106
53
36
98
31
29
21
50
6
13
49
61
17
56
92
15
26
10
15
11
16
27
9
12
18
30
19
12
21
21
67
135
39
77
39
103
35
34
17
18
33
31
38
76
32
147
44
40
81
23
40
13
38
44
85
47
78
77
25
48
44
41
4
5
44
41
146
57
19
49
19
27
29
28
23
88
46
69
31
9
38
44
53
57
20
35
22
29
34
22
24
22
24
4
81
70
24
22
56
22
124
52
82
88
76
90
58
70
50
50
28
4
0
0
0
0
17
4
15
22
21
19
16
16
10
0
0
3
2
1
3
1
5
1
0
0
2
1
7
10
3
2
0
0
5
11
1
0
0
1
0
0
0
1
0
0
1
1
0
1
0
0
0
0
0
0
0
0
0
0
0
0
0
0
0
0
0
3
0
1
1
1
0
0
0
0
1
1
0
0
0
0
1
0
0
1
0
1
1
1
0
1
0
1
0
0
0
0
0
0
0
0
0
0
0
0
0
0
0
0
0
0
0
0
0
0
0
1
1
0
2
0
0
0
0
0
0
