0
0
0
0
0
0
0
0
0
0
0
0
0
0
0
0
0
0
0
0
0
0
0
0
0
0
0
0
0
0
0
0
0
0
0
0
0
0
0
0
0
0
0
0
0
0
0
0
0
0
0
0
0
0
0
0
0
0
0
0
0
7
1
5
1
4
0
3
1
5
2
6
2
3
0
0
0
0
0
0
0
0
2
0
0
0
1
0
0
3
5
5
3
8
10
35
3
9
5
5
7
4
2
0
0
1
3
0
0
1
5
2
5
5
11
11
13
41
9
16
13
3
5
6
13
7
0
14
16
11
10
7
2
5
8
7
6
13
32
27
44
30
10
56
25
46
67
40
40
53
61
66
44
38
69
9
25
37
46
40
36
30
31
28
44
15
35
47
27
26
70
58
53
36
25
25
2
14
0
2
3
1
0
2
2
1
0
0
3
1
6
7
5
5
1
0
0
6
2
1
2
5
1
1
0
1
0
0
2
6
5
3
13
5
14
159
134
51
13
6
2
18
16
41
30
31
27
45
13
25
29
26
16
21
33
21
24
6
30
7
16
15
20
3
18
8
9
0
0
0
