0
0
0
0
0
0
0
0
0
0
0
0
0
0
0
0
0
0
0
0
0
0
0
0
0
0
0
0
0
0
0
0
0
0
0
0
0
0
0
0
0
0
0
0
0
0
0
0
0
0
0
0
0
0
0
0
0
0
0
0
0
0
0
0
0
0
0
0
0
0
0
0
0
0
0
0
0
0
0
0
0
0
0
0
0
0
0
0
0
0
0
0
0
0
0
0
0
0
0
0
0
0
0
0
0
0
0
0
0
0
0
0
0
0
0
0
0
0
0
0
0
0
0
0
0
0
0
0
0
0
1
0
0
0
0
0
0
5
0
7
146
295
215
114
108
86
184
259
271
97
97
102
42
42
39
268
153
59
64
83
57
59
55
51
57
87
20
18
21
20
15
19
20
21
4
18
26
27
24
23
112
175
32
35
28
29
27
6
8
8
5
7
8
8
7
7
7
7
7
12
28
8
18
12
10
7
8
22
18
15
18
17
25
23
19
20
16
20
28
23
24
20
19
21
13
0
4
16
15
15
19
17
16
14
31
28
26
22
26
24
24
25
25
2
32
25
23
0
0
0
