0
0
0
0
0
0
0
0
0
0
0
0
0
0
0
0
0
0
0
0
0
0
0
0
0
0
0
0
0
0
0
0
0
0
0
0
0
0
0
0
0
0
0
0
0
0
0
0
0
0
0
0
0
0
0
0
0
0
0
0
0
0
0
0
0
0
0
0
0
0
0
0
0
0
0
0
0
0
0
0
0
0
0
0
0
0
0
0
0
0
0
0
0
0
0
0
0
0
0
0
0
0
0
0
0
0
0
0
0
0
0
0
0
0
0
0
0
0
0
0
0
0
0
0
0
0
0
0
0
0
0
0
0
0
0
0
0
0
0
0
0
0
0
0
0
0
0
0
0
0
0
0
0
0
0
0
0
0
0
0
0
0
0
0
0
0
0
0
0
0
0
0
0
0
0
0
0
0
0
0
0
0
0
0
0
0
0
0
0
0
0
0
0
0
0
0
0
0
0
7.05090948402
5.51472240185
5.8609777713
7.83210282569
6.23599718462
5.79300608208
4.23264333988
5.14747964696
4.65893786156
5.08954487484
5.0731330042
4.68300206587
4.23967363305
0
3.60359405761
3.30178533998
3.6184851027
2.64947054731
0
0
0
0
0
0
0
0
0
0
0
0
0
0
0
0
0
0
0
13.8838014292
2.78132738864
0
3.76099366531
7.21965662719
7.23422017529
6.42504323417
0
4.49014431631
2.98666719638
0
0
0
0
