0
0
0
0
0
0
0
0
0
0
0
0
0
0
0
0
0
0
0
0
0
0
0
0
0
0
0
0
0
0
0
0
0
0
0
0
0
0
0
0
0
0
0
0
0
0
0
0
0
0
0
0
0
0
0
0
0
0
0
0
0
0
0
0
0
0
0
0
0
0
0
0
0
0
0
0
0
0
0
0
0
0
0
0
0
0
0
0
0
0
0
0
0
0
0
0
0
0
0
0
0
0
0
0
0
0
0
0
0
0
0
0
0
0
0
0
0
0
0
0
0
0
0
0
0
0
0
0
0
0
0
0
0
1
0
0
0
0
0
0
0
0
0
0
0
0
0
0
0
0
0
0
0
0
0
0
0
0
0
1
3
12
8
3
13
14
18
12
6
17
11
12
17
24
37
27
20
20
27
23
23
21
14
30
33
18
45
37
40
44
55
46
45
44
32
35
55
78
93
88
78
85
113
103
102
82
96
90
97
98
93
86
37
68
62
65
50
31
40
29
28
35
28
26
14
20
26
23
27
23
17
28
26
21
90
200
178
59
31
65
109
118
115
10
78
56
37
0
0
0
