0
0
0
0
0
0
0
0
0
0
0
0
0
0
0
0
0
0
0
0
0
0
0
0
0
0
0
0
0
0
0
0
0
0
0
0
0
0
0
0
0
0
0
0
0
0
0
0
0
0
0
0
0
0
0
0
0
0
0
0
0
0
0
0
0
0
0
0
0
0
0
0
0
0
0
0
0
0
0
0
0
0
0
0
0
0
0
0
0
0
0
0
0
0
0
0
0
0
0
0
0
0
0
0
0
0
0
0
0
0
0
0
0
0
0
0
0
0
0
0
0
0
0
0
0
0
0
0
0
0
0
0
0
0
0
0
0
0
160.436678241
53.3559848363
10.5584095831
23.4178224699
18.7270443339
26.6156646462
16.5636683263
4.19439140463
0.794828301666
1.18954148865
1.40699460462
0.792180235012
0.878810176619
0.836321439141
1.09342833854
1.57462421235
1.70351739678
1.80691447684
1.82140013631
1.58495984272
3.23302635039
4.29863023597
5.06736677031
5.77665688873
4.59561797283
5.52740631216
7.45307024003
5.04303344182
11.0081525394
4.51871248674
14.6667866701
3.5111629158
2.62189733714
13.2172880515
4.07380527153
4.60079774049
5.44708672741
4.30210125463
4.94561113282
17.2540462655
4.33175733176
5.33472933645
7.12700445269
4.35319671353
5.69606929913
6.56703530492
3.74964631348
3.80139987674
4.05377616683
3.52055938797
3.32025067403
7.80885451649
5.68228722782
6.03311600475
4.94260674241
8.02611456164
3.40405286803
5.13331278788
5.61486802038
5.38009455984
3.99665044428
5.50103446359
3.77553322749
5.43564408589
7.17766307116
4.3927102164
4.26010024569
3.79633559297
8.1998740836
10.8789373098
5.30534252376
8.05169171261
7.20380356495
6.71702464434
6.92061959577
3.65494193467
3.72195699083
6.46144161524
9.76738097469
6.1441998956
7.3786316576
2.90115144278
4.23426152913
4.31930825664
8.3251058641
7.74175158512
6.77445825088
5.19440862488
4.86814186898
7.15831717139
4.37541989737
5.82262745579
5.79469125193
5.19020710447
10.2311618075
8.53208953583
8.63208214726
5.10745539861
6.9212592011
3.83696236961
7.58051760151
2.75737615609
4.81819739425
6.83250085389
6.88167231116
0
3.04493934036
3.56906303606
2.66648457346
0
0
0
