0
0
0
0
0
0
0
0
0
0
0
0
0
0
0
0
0
0
0
0
0
0
0
0
0
0
0
0
0
0
0
0
0
0
0
0
0
0
0
0
0
0
0
0
0
0
0
0
0
0
0
0
0
0
0
0
0
0
0
0
0
0
0
0
0
0
0
0
0
0
0
0
0
0
0
0
0
0
0
0
0
0
0
0
0
0
0
0
0
0
0
0
0
0
0
0
0
0
0
0
0
0
0
0
0
0
0
0
0
0
0
0
0
0
0
0
0
0
0
0
0
0
0
0
0
0
0
188
0
0
0
0
0
0
0
0
176
809
3461
4862
2095
4516
4754
7792
6700
2247
487
594
596
315
292
243
261
308
283
264
255
224
400
497
556
636
517
575
670
444
821
418
1110
374
272
1000
411
433
481
385
417
1196
444
504
637
426
509
571
356
340
342
288
255
491
391
411
344
511
257
345
369
356
269
339
243
313
393
266
248
218
401
541
326
463
440
427
445
263
252
384
556
403
470
219
279
273
461
456
426
348
325
439
295
363
362
329
580
540
576
388
493
302
512
223
332
437
450
24
193
205
153
0
0
0
