0
0
0
0
0
0
0
0
0
0
0
0
0
0
0
0
0
0
0
0
0
0
0
0
0
0
0
0
0
0
0
0
0
0
0
0
0
0
0
0
0
0
0
0
0
0
0
0
0
0
0
0
0
1
0
1
0
0
0
0
0
0
0
0
0
0
0
0
0
0
0
0
0
0
0
0
0
0
0
0
0
0
0
0
0
0
0
0
0
1
0
0
0
0
0
0
0
0
0
0
0
0
0
0
0
2
4
2
13
12
23
30
21
16
16
24
10
33
19
18
31
60
20
0
0
0
0
0
0
0
0
0
0
0
0
0
0
1
0
0
0
0
0
0
0
0
0
0
0
0
0
0
5
0
1
0
0
0
0
0
1
0
1
1
0
15
39
31
85
91
59
37
66
77
109
79
77
61
44
42
87
89
63
66
74
32
97
59
78
117
98
71
98
63
68
51
56
70
59
13
36
41
46
31
33
32
38
16
14
11
19
67
52
27
10
42
27
8
25
58
39
32
37
22
15
44
20
34
38
33
38
20
26
34
23
23
45
55
51
0
0
0
0
0
0
0
0
0
0
0
