0
0
0
0
0
0
0
0
0
0
0
0
0
0
0
0
0
0
0
0
0
0
0
0
0
0
0
0
0
0
0
0
0
0
0
0
0
0
0
0
0
0
0
0
0
0
0
0
0
0
0
0
0
0
0
0
0
0
0
0
0
0
0
0
0
0
0
0
0
0
0
0
0
0
0
0
0
0
0
0
0
0
0
0
0
0
0
0
0
0
0
0
0
0
0
0
0
0
0
0
0
14
36
11
20
12
9
12
11
3
11
33
24
15
10
5
15
3
17
10
10
5
8
8
18
9
21
8
5
8
8
3
13
24
21
50
16
4
2
12
34
45
25
11
3
41
49
35
1
69
31
15
15
27
19
18
24
32
30
33
6
2
48
25
30
16
38
15
19
19
4
21
44
43
13
6
13
56
1
13
51
71
21
9
2
78
72
53
2
26
95
16
19
8
18
86
0
0
28
46
9
27
38
100
0
8
55
26
13
26
61
18
51
22
204
71
95
3
17
115
42
35
43
33
58
90
22
8
65
37
43
2
16
31
55
26
17
44
80
0
25
31
117
0
6
27
12
0
0
0
