0
0
0
0
0
0
0
0
0
0
0
0
0
0
0
0
0
0
0
0
0
0
0
0
0
0
0
0
0
0
0
0
0
0
0
0
0
0
0
0
0
0
0
0
0
0
0
0
0
0
0
0
0
0
0
0
0
0
0
0
0
0
0
0
0
0
0
0
0
0
0
0
0
0
0
0
0
0
0
0
0
0
0
0
0
0
0
0
0
0
0
0
0
0
0
0
1
0
0
0
0
0
0
0
0
0
0
0
0
0
0
0
0
0
0
0
0
0
0
0
0
0
0
0
0
0
0
0
0
0
0
0
0
0
0
0
0
0
0
0
0
0
0
0
0
0
0
0
0
0
0
0
0
0
0
0
0
0
0
0
0
0
0
11
21
50
54
50
35
44
51
45
34
14
24
30
18
27
34
40
44
44
47
49
51
51
44
41
43
44
52
60
43
32
48
47
46
42
45
60
65
48
60
64
64
45
60
62
56
55
49
48
49
42
41
45
31
55
61
56
46
54
56
29
27
30
16
26
13
26
20
21
33
38
27
42
25
47
41
33
25
27
37
8
28
35
37
0
0
0
