0
0
0
0
1
2
0
0
0
0
0
0
0
0
0
0
0
0
0
0
0
0
0
0
0
0
0
0
0
0
3
0
0
0
5
2
0
0
1
11
7
3
23
11
9
18
10
7
11
18
4
3
10
6
10
9
11
31
2
0
10
3
5
16
5
5
13
11
28
19
27
30
33
49
38
6
7
9
11
0
2
16
32
51
42
31
43
41
36
31
30
33
30
24
28
105
36
30
31
22
25
31
27
31
41
26
25
13
18
19
22
30
33
28
26
14
8
16
10
13
26
28
19
18
14
18
17
16
15
21
8
17
21
19
17
30
11
17
13
14
19
19
16
13
18
21
20
9
4
9
19
27
27
15
13
11
7
10
6
6
53
34
10
21
28
27
21
17
16
7
11
6
17
17
15
3
8
9
9
13
26
11
11
32
14
15
15
15
8
14
15
8
12
15
18
15
15
15
17
0
0
0
19
9
10
0
0
0
0
0
0
0
0
17
0
0
0
0
0
0
0
0
0
0
0
0
0
0
0
0
0
0
0
0
0
0
0
0
0
0
2
0
0
0
0
0
0
0
0
0
