0
0
0
0
0
0
0
0
0
0
0
0
0
0
0
0
0
0
0
0
0
0
0
0
0
0
0
0
0
0
0
0
0
0
0
0
0
0
0
0
0
0
0
0
0
0
0
0
0
0
0
0
0
0
0
0
0
0
0
0
0
0
0
0
0
0
0
0
0
0
0
0
0
0
0
0
0
0
0
0
0
0
0
0
0
0
0
0
0
0
0
1
1
0
0
0
0
0
0
0
0
0
2
0
0
0
1
0
0
0
1
0
0
0
0
0
0
0
0
0
0
0
0
0
0
1
0
0
0
0
0
0
0
0
0
3
0
1
0
1
2
0
0
0
0
1
1
0
0
0
0
0
0
0
0
0
0
0
0
0
0
0
0
0
0
0
39
282
90
37
48
24
23
52
33
25
7
24
9
2
0
0
0
0
0
0
62
56
26
34
78
84
56
2
7
23
8
0
36
0
37
8
4
1
21
35
5
51
53
36
156
69
48
0
58
0
13
0
2
108
36
136
28
32
50
86
89
54
2
9
0
25
0
22
30
72
29
0
0
16
2
0
8
0
37
7
50
0
0
0
