0
0
0
0
0
0
0
0
0
0
0
0
0
0
0
0
0
0
0
0
3.46786202498
4.31627074224
5.83641684691
3.98681750132
8.40036385528
7.93684587223
2.74990504457
4.57306993055
5.13990516605
5.73765767112
6.31362385609
4.43707242
7.99753845805
2.47639846015
2.74080348183
3.41446489672
3.94139119249
2.82295408741
3.29973228333
4.09917907839
5.17810197618
3.81361553668
5.53222671572
6.47107534865
5.21611374834
6.48132714179
5.07942923305
3.825788699
6.45344139115
4.43532621179
4.19073171509
2.64540286744
2.88949387563
3.71053627379
3.94653122604
5.41132338368
31.642055735
32.8050194561
20.7241857828
14.6693617727
8.17747310542
7.40781363742
6.25773855088
5.8579953047
5.73614538524
4.90450909154
7.41757056129
8.18339872722
5.89356978771
1.78669985678
2.23939750758
3.17763866835
3.18781714472
1.93236843449
2.86978961501
0
2.5556324013
4.53232132924
2.30481703223
4.55386427007
3.10433158656
3.88136193243
4.12619348805
3.70169645714
3.98103459475
8.04946346815
6.5745624002
3.73065160779
5.32966585492
4.56046403248
6.02631392868
6.47218421575
4.97204277371
4.26756453214
5.41530377072
4.85911546624
6.78802284459
12.1328168739
3.67940226372
3.70429386001
5.84229169059
5.60170974984
4.6994699234
3.83242027956
3.9476701046
5.33988545844
3.77517121288
3.54276747555
4.84912550875
8.78105975912
8.48259476971
4.01917725506
3.33896131718
4.93720362665
3.86633778923
5.11425135132
7.25919130455
5.762078262
7.52272195561
8.72103387635
5.71319248284
6.51942344084
5.45639335771
4.25762210983
4.71752482449
5.150282594
3.46736278852
3.64299045546
4.65825080417
6.06807296523
3.51590732104
7.11007904646
4.14496039589
7.06892281289
5.40863843047
6.06851411757
5.33092439782
3.5814168615
6.69345514767
4.95875413386
6.6031412623
5.53300872368
6.03911474679
8.23907804373
5.66838583366
6.68070046583
7.33202505669
3.40330274717
3.8437857352
5.66924350408
1.65873975098
0
1.6404888938
0
0
6.55224033769
0
0
0
0
0
0
0
0
0
0
0
0
0
0
11.4231683867
8.56800284153
5.92002836422
4.44504077031
3.78658781501
13.2696040206
4.77704044806
4.2916130083
4.50224705684
8.27573588793
4.71300311312
5.19762483778
5.67975242102
3.56162286493
6.42890806417
3.7490845351
4.74860256534
4.21461076166
5.0129726015
3.82427288617
3.31301578254
3.38194382256
2.93641696457
2.69782045225
4.85056725005
4.55292914096
4.65094977889
7.52760201094
6.34882627579
6.71308992391
5.03339771672
4.34725997309
3.63468615558
0
4.72688832748
5.36620060383
4.96094006755
3.15290246291
4.75257745641
7.52696037124
7.0976369719
6.48961311187
6.74576436139
4.8319834958
8.82236163323
4.1090280194
4.55050499644
1.6960337542
0
0
0
0
0
0
4.76461994639
0
0
0
0
0
0
0
0
115.983786366
27.6076069623
19.7675151115
15.0643311337
11.0404953088
9.04268651416
8.88571584619
9.48973695809
7.22387230369
6.34222913447
5.85579787135
8.43334814323
7.52419561555
5.00596851696
0
0
0
