36
78
59
80
59
79
54
130
106
81
92
103
81
115
86
67
50
51
61
54
58
68
87
67
122
130
60
87
96
107
120
94
152
63
64
72
78
59
64
74
89
71
95
111
99
121
104
84
127
98
93
63
64
74
76
97
439
739
796
781
559
537
478
453
442
383
531
590
459
164
177
217
205
128
164
35
126
190
105
169
121
139
142
127
131
230
210
134
170
148
184
200
165
144
172
158
208
354
150
145
204
200
174
145
144
180
135
123
152
250
266
153
127
168
137
168
226
196
247
296
223
250
221
180
191
203
145
144
170
209
134
230
153
234
196
218
200
144
234
188
236
210
226
299
232
268
298
163
172
229
83
46
66
33
16
142
43
18
22
10
26
10
37
16
13
23
69
27
87
144
143
134
110
90
79
220
113
103
106
174
118
127
138
96
152
102
120
109
125
101
87
85
73
65
100
96
97
145
136
149
123
110
94
36
102
113
108
75
100
146
149
147
159
127
212
123
131
58
26
38
44
16
15
22
62
26
40
13
27
17
20
23
248
1189
1088
1178
1188
1064
976
1009
1117
929
837
772
1028
954
675
0
1
0
