0
0
0
0
0
0
0
0
0
0
0
0
0
0
0
0
0
0
0
0
0
0
0
0
0
0
0
0
0
0
0
0
0
0
0
0
0
0
0
0
0
0
0
0
0
0
0
0
0
0
0
0
0
0
0
0
0
0
0
0
0
0
0
0
0
0
0
0
0
0
0
0
0
0
0
0
0
0
0
0
0
0
0
0
0
0
0
0
0
0
0
3
5
1
0
2
4
4
7
8
28
13
0
0
0
16
4
0
0
20
56
23
70
50
40
37
68
57
48
43
43
50
29
14
12
46
27
53
47
23
55
49
51
24
3
42
3
59
57
64
32
24
61
25
52
34
46
45
32
16
47
51
22
5
5
0
12
29
7
9
3
1
8
17
19
4
6
6
27
0
5
16
7
4
10
11
18
43
13
6
19
4
2
2
0
1
1
1
1
0
2
4
3
6
1
3
4
6
27
3
0
1
5
12
14
6
13
6
0
8
10
8
1
5
17
15
3
15
11
8
4
5
12
8
18
9
13
20
12
6
12
16
4
4
6
3
11
8
16
12
14
10
5
4
15
7
2
0
0
0
