0
0
0
0
0
0
0
0
0
0
0
0
0
0
0
0
0
0
0
0
0
0
0
0
0
0
0
0
0
0
0
0
0
0
0
0
0
0
0
0
0
0
0
0
0
0
0
0
0
0
0
0
0
0
0
0
0
0
0
0
0
0
0
0
0
0
0
0
0
0
0
0
0
0
0
0
0
0
0
0
0
0
0
0
0
0
0
0
0
0
0
0
0
0
0
0
0
0
0
0
0
0
0
0
0
0
0
0
0
0
0
0
0
0
0
0
0
0
0
0
0
0
0
0
0
0
0
0
0
0
0
0
0
0
0
0
0
0
0
0
0
0
0
0
0
0
0
0
0
0
0
0
0
0
0
0
0
0
0
0
0
0
0
0
0
0
0
3
9
0
1
4
5
0
3
13
10
3
0
4
9
4
3
6
4
4
3
7
8
3
3
2
5
1
2
7
13
16
14
16
9
20
25
19
19
13
17
15
23
27
19
17
31
36
50
62
63
82
65
61
77
56
78
73
53
59
54
91
60
58
71
48
90
50
74
45
50
49
42
52
68
74
103
25
78
63
73
0
0
0
