0
0
0
0
0
0
0
0
0
0
0
0
0
0
0
0
0
0
0
0
0
0
0
0
0
0
0
0
0
0
0
0
0
0
0
0
0
0
0
0
0
0
0
0
0
0
0
0
0
0
0
0
0
0
0
0
0
0
0
0
0
0
0
0
0
0
0
0
0
0
0
0
0
0
0
0
0
0
0
0
0
0
0
0
0
0
0
0
0
0
0
0
0
0
0
0
0
0
0
0
0
0
0
0
0
0
0
0
1
0
0
0
0
0
0
0
0
0
0
0
3
5
2
4
0
7
2
1
0
0
0
3
4
1
5
59
24
3
7
6
13
6
19
14
26
11
11
37
10
7
1
35
9
9
6
14
27
24
13
20
28
18
7
28
49
31
42
14
44
35
42
34
34
18
21
16
24
26
19
12
1
18
13
16
9
15
8
4
0
0
2
7
6
2
1
5
15
28
23
21
25
29
24
23
32
20
9
24
31
24
18
0
23
15
8
9
10
23
36
21
20
23
29
33
31
65
40
25
26
33
23
26
16
20
15
19
16
20
18
28
19
11
10
2
10
10
7
0
0
0
