0
0
0
0
0
0
0
0
0
0
0
0
0
0
0
0
0
0
0
0
0
0
0
0
0
0
0
0
0
0
0
0
0
0
0
0
0
0
0
0
0
0
0
0
0
0
0
0
0
0
0
0
0
0
0
0
0
0
0
0
0
0
0
0
1
0
0
0
0
0
0
0
0
0
1
0
1
2
0
0
0
0
0
0
0
0
0
0
0
0
0
0
0
0
0
2
1
0
0
0
0
0
0
0
0
0
0
0
0
4
13
15
11
8
8
10
17
11
7
15
20
13
16
13
13
6
13
13
10
9
7
5
1
4
10
16
6
1
6
4
7
13
7
4
4
6
4
13
10
4
2
4
3
1
1
1
2
2
0
5
8
8
6
6
6
27
6
5
6
4
14
9
9
8
11
15
22
19
17
13
10
6
8
13
8
10
19
10
11
19
9
20
22
9
5
10
21
31
13
8
9
15
18
13
6
6
2
14
6
7
10
10
7
6
32
19
21
12
7
18
27
29
26
35
23
28
25
34
41
40
41
27
30
40
50
47
38
52
47
58
39
20
30
7
63
47
38
0
0
0
