0
0
0
0
0
0
0
0
0
0
0
0
0
0
0
0
0
0
0
0
0
0
0
0
0
0
0
0
0
0
0
0
0
0
0
0
0
0
0
0
0
0
0
0
0
0
0
0
0
0
0
0
0
0
0
0
0
0
0
0
0
0
0
1
1
2
1
0
0
0
0
0
1
0
0
0
1
2
1
2
14
35
0
0
17
52
43
72
27
25
29
16
31
15
26
19
29
30
17
23
28
31
18
0
20
31
25
13
31
18
7
35
16
11
12
15
14
22
11
14
9
6
14
12
34
19
13
11
29
7
0
1
0
0
0
0
0
0
0
0
0
0
1
0
0
0
0
0
0
0
16
24
5
16
7
1
2
20
10
18
16
30
7
17
14
8
7
10
8
12
2
11
9
8
9
20
13
14
11
20
17
23
23
20
23
24
0
0
22
20
21
3
13
17
19
12
8
15
12
6
14
11
12
5
12
10
12
2
0
17
12
14
12
14
3
15
7
3
1
1
1
1
0
1
0
1
0
0
0
0
0
0
0
1
1
0
0
0
0
0
0
0
0
1
0
2
1
0
0
0
