0
0
0
0
0
0
0
0
0
0
0
0
0
0
0
0
0
0
0
0
0
0
0
0
0
0
0
0
0
0
0
0
0
0
0
0
0
0
0
0
0
0
0
0
0
0
0
0
0
0
0
0
0
0
0
0
0
0
0
0
0
0
0
0
0
0
0
0
0
0
0
0
0
0
0
0
0
0
0
0
0
0
0
0
0
0
0
0
0
0
0
0
0
0
0
0
0
0
0
0
0
0
0
0
0
0
0
0
0
0
0
0
0
0
0
0
0
0
0
0
0
0
0
0
0
0
0
0
0
0
0
0
0
0
0
0
0
0
0
0
0
0
0
0
0
0
0
0
0
0
0
0
0
0
0
0
0
0
0
0
0
0
0
0
0
0
0
0
0
0
0
0
0
0
0
0
0
0
0
0
0
0
0
0
0
0
0
0
0
0
0
0
0
0
0
28.8817176474
20.9585733911
14.2271161059
12.0467486701
10.0853477464
10.4166556413
8.42367544236
8.46539884595
7.605795396
7.18439214891
6.95560093924
9.35867133884
8.03322730432
6.70808107897
8.22249695226
7.04903298321
6.61747427505
6.21036651318
0.607042383977
9.42383199897
6.96237878605
7.11728169862
12.0201298197
10.4488359995
6.87794454498
7.34479824769
7.02540229517
7.28965766587
7.78267893571
7.30071014261
6.60832868616
6.66472270484
7.10154027824
6.35501452887
4.90790833377
5.36949570387
0
9.39308858081
0.57535262274
25.576834158
18.2773659951
7.99265608337
9.82644706001
6.34927745616
14.9558994214
23.5618001513
19.6545825114
12.1386438744
0
0.642577094603
12.6453169973
6.03229599809
0
0
0
