0
0
0
0
0
0
0
0
0
0
0
0
0
0
0
0
0
0
0
0
0
0
0
0
0
0
0
0
0
0
0
0
0
0
0
0
0
0
0
0
0
0
0
0
0
0
0
0
0
0
0
0
0
0
0
0
0
0
0
0
0
0
0
0
0
0
0
0
0
0
0
0
0
0
0
0
0
0
0
0
0
0
0
0
0
0
0
0
0
5
0
0
0
0
0
0
0
0
0
0
0
0
0
0
0
0
0
0
0
0
0
0
0
0
0
0
0
0
0
0
0
0
0
0
0
0
0
0
0
0
0
0
0
0
0
0
0
0
0
0
0
0
0
0
0
0
0
0
0
0
0
0
0
0
0
0
0
0
0
0
0
0
0
0
0
0
0
0
0
28
35
31
25
31
31
31
22
28
19
17
23
13
15
35
32
31
24
31
37
28
23
28
33
33
13
32
28
14
11
8
28
37
27
57
49
47
71
83
54
36
15
51
85
60
12
16
42
35
2
2
0
14
12
30
44
34
40
50
40
45
10
25
3
11
9
18
24
22
9
7
14
5
0
0
0
3
8
0
0
0
