0
0
0
0
0
0
0
0
0
0
0
0
0
0
0
0
0
0
0
0
0
0
0
0
0
0
0
0
0
0
0
0
0
0
0
0
0
0
0
0
0
0
0
0
0
0
0
0
0
0
0
0
0
0
0
0
0
0
0
0
0
0
0
0
0
0
0
0
0
0
0
0
0
0
0
0
0
0
0
0
0
0
0
0
0
0
0
0
0
0
0
0
0
0
2
1
0
5
12
10
6
5
0
1
1
0
0
0
0
0
0
0
0
0
0
0
0
0
0
0
0
0
0
0
0
0
0
0
0
0
0
0
0
0
0
0
0
0
0
0
0
0
0
10
17
3
3
3
7
4
6
7
9
4
0
13
1
70
25
33
36
15
10
7
11
29
28
23
30
31
45
39
34
28
27
24
22
21
21
15
31
22
25
32
21
13
25
26
52
30
24
7
16
16
36
21
16
31
28
32
29
35
30
32
30
40
24
23
17
15
10
31
24
46
24
18
6
4
8
8
19
11
11
16
14
30
26
35
18
0
17
7
8
5
9
10
9
11
6
9
15
4
8
0
10
18
8
0
0
0
