0
0
0
0
0
0
0
0
0
0
0
0
0
0
0
0
0
0
0
0
0
0
0
0
0
0
0
0
0
0
0
0
0
0
0
0
0
0
0
0
0
0
0
0
0
0
0
0
0
0
0
0
0
0
0
0
0
0
0
0
0
0
0
0
0
0
0
0
0
0
0
0
0
0
0
0
0
0
0
0
0
0
0
0
0
0
0
0
0
0
0
0
0
0
0
0
0
0
0
0
0
0
0
0
0
0
0
0
0
0
0
0
0
0
0
0
0
0
0
0
0
0
0
0
0
0
4
5
1
1
2
0
0
3
1
0
4
0
0
2
1
0
0
6
8
4
1
4
4
4
7
7
2
6
4
3
2
1
4
6
0
0
5
4
3
3
4
1
6
1
5
3
8
2
1
5
4
2
1
2
1
0
4
1
0
1
1
0
1
1
0
1
2
0
4
0
1
3
0
5
7
4
3
6
8
3
9
21
37
26
21
18
36
19
23
18
28
20
15
34
12
11
13
17
68
53
47
32
34
41
34
32
47
27
38
64
64
81
74
101
179
155
42
24
79
78
52
0
0
0
