0
0
0
0
0
0
0
0
0
0
0
0
0
0
0
0
0
0
0
0
0
0
0
0
0
0
0
0
0
0
0
0
0
0
0
0
0
0
0
0
0
0
0
0
0
0
0
0
0
0
0
0
0
0
0
0
0
0
0
0
0
0
0
0
0
0
0
0
0
0
0
0
0
0
0
0
0
0
0
0
0
0
0
0
0
0
0
0
0
0
0
0
0
0
0
0
0
0
0
0
0
0
0
0
0
0
0
0
0
0
0
0
0
0
0
0
0
0
0
0
0
0
0
0
0
0
0
0
0
0
0
8
15
32
16
5
12
13
12
15
10
24
16
22
23
9
13
10
21
24
19
22
22
22
34
11
24
35
29
36
12
31
24
43
49
39
44
13
24
47
46
36
29
35
37
17
27
27
35
31
16
20
18
31
31
22
44
13
16
14
13
21
11
10
35
14
13
10
6
11
12
7
6
6
3
7
11
5
10
4
8
7
5
5
6
3
4
2
0
0
0
0
0
0
0
0
0
0
0
0
0
0
0
0
0
0
0
0
0
0
0
0
0
0
0
0
0
0
0
0
