0
0
0
0
0
0
0
0
0
0
0
0
0
0
0
0
0
0
0
0
0
0
0
0
0
0
0
0
0
0
0
0
0
0
0
0
0
0
0
0
0
0
0
0
0
0
0
0
0
0
0
0
0
0
0
0
0
0
0
0
0
0
0
0
0
0
0
0
0
0
0
0
0
0
0
0
0
0
0
0
0
0
0
0
0
0
0
0
0
0
0
0
0
0
0
0
0
0
0
0
0
0
0
0
0
0
0
0
0
0
0
0
0
0
0
0
0
0
0
0
0
0
0
0
0
0
0
0
0
0
0
0
0
0
0
10
4
15
1
1
68
57
9
8
9
7
8
7
11
10
11
38
63
44
54
89
33
49
16
67
94
26
46
12
0
0
0
4
18
55
62
79
71
1
2
4
1
2
4
1
3
1
2
1
4
1
0
0
0
0
4
1
1
0
0
62
22
2
3
1
0
6
6
1
3
0
3
1
0
3
4
1
6
1
0
8
2
1
0
2
1
0
2
0
0
1
11
18
0
12
15
8
2
0
38
41
54
35
35
18
0
10
9
0
9
16
28
0
0
0
