0
0
0
0
0
0
0
0
0
0
0
0
0
0
0
0
0
0
0
0
0
0
0
0
0
0
0
0
0
0
0
0
0
0
0
0
0
0
0
0
0
0
0
0
0
0
0
0
0
0
0
0
0
0
0
0
0
0
0
0
0
0
0
0
0
0
0
0
0
0
0
0
0
0
0
0
0
0
0
0
0
0
0
0
39.9352162886
13.4776642246
3.7906115372
5.11654051028
24.4542057389
4.29192731865
8.26632734304
6.2151071336
4.31553487609
6.28184014727
2.46638740007
8.63351886142
8.44286710813
4.09170641284
2.8324255882
10.6849182575
6.2560954085
10.1197177135
7.56528724761
9.04131584507
7.95010843092
12.1909807269
9.86816792104
12.8894286925
10.854449938
10.9531423962
12.0363383855
6.80401064872
6.10716325711
8.6523669151
9.98839844228
9.27770906965
8.65682280004
8.85545351213
2.00246200313
0
0
0
0
0
0
15.6962240116
28.5551308819
28.3197229876
12.9337562849
10.9174955943
9.77593149552
14.9587679293
16.7706673753
19.7087775295
12.033531845
12.4513212953
6.57401343184
3.40696215705
4.15477835237
0
0
0
0
0
0
0
0
0
0
0
0
0
0
0
0
0
0
0
0
0
0
0
0
0
0
0
0
0
0
0
0
0
0
0
0
0
0
0
0
0
0
0
0
0
0
0
0
0
0
0
0
0
0
0
0
0
0
0
0
0
0
0
0
0
0
0
0
0
0
0
0
0
0
0
0
0
0
0
0
0
0
0
0
0
0
0
0
0
0
0
0
0
0
0
0
0
0
0
0
0
0
0
0
0
0
0
0
0
0
0
