0
0
0
0
1
0
0
6
7
3
8
5
8
2
3
6
4
4
4
0
0
1
2
3
3
5
3
2
4
4
3
0
3
5
2
0
1
0
12
9
9
3
1
1
0
1
3
4
2
8
8
6
3
2
0
1
2
7
0
2
8
5
4
4
3
0
3
2
0
0
0
0
0
0
0
0
1
1
0
0
0
0
0
3
0
0
0
0
0
0
0
0
0
0
0
0
0
0
0
0
3
4
0
0
0
0
0
0
8
13
7
2
6
15
8
9
8
1
2
9
2
0
6
8
4
7
11
9
3
6
8
4
4
8
6
41
7
6
3
9
5
3
3
5
7
5
10
7
7
9
9
7
13
10
3
9
2
10
20
12
12
34
16
25
29
28
20
24
26
18
21
27
16
20
10
15
16
13
14
10
11
6
1
7
3
4
5
3
8
6
7
10
4
9
16
12
9
7
10
2
13
11
17
13
12
1
5
8
6
5
7
9
11
10
0
0
7
12
12
10
12
9
13
5
1
3
6
4
14
12
11
7
8
6
6
1
4
11
7
2
12
3
2
1
3
0
1
0
0
0
