0
0
0
0
0
0
0
0
0
0
0
0
0
0
0
0
0
0
0
0
0
0
0
0
0
0
0
0
0
0
0
0
0
0
0
0
0
0
0
0
0
0
0
0
0
0
0
0
0
0
0
0
0
0
0
0
0
0
0
0
0
0
0
0
0
0
0
0
0
0
0
0
0
0
0
0
0
0
0
0
0
0
0
0
0
0
0
0
0
0
0
0
0
0
0
0
0
0
0
0
0
0
0
0
0
0
0
0
0
0
0
0
0
0
0
0
0
0
0
0
0
0
0
0
0
0
0
0
0
0
0
0
0
0
0
0
0
0
0
0
0
0
0
0
0
0
0
0
0
0
0
0
0
0
0
0
0
0
0
0
0
0
0
0
0
0
0
1
0
16
19
0
0
5
7
19
0
1
0
2
12
2
0
0
0
0
4
14
11
1
3
3
5
1
8
9
10
6
10
14
14
15
12
12
12
6
19
25
23
14
25
21
25
16
20
19
18
34
21
23
19
28
30
16
39
31
39
73
62
27
45
21
24
26
27
23
24
19
94
38
38
33
33
19
47
4
3
0
0
0
