0
0
0
0
0
0
0
0
0
0
0
0
0
0
0
0
0
0
0
0
0
0
0
0
0
0
0
0
0
0
0
0
0
0
0
0
0
0
0
0
0
0
0
0
0
0
0
0
0
0
0
0
0
0
0
0
0
0
0
0
0
0
0
0
0
0
0
0
0
0
0
0
0
0
0
0
0
0
0
0
0
0
0
0
0
0
0
0
0
0
0
0
0
0
0
0
0
0
0
0
0
0
0
0
0
0
0
0
0
0
0
0
0
0
0
0
0
0
0
0
0
0
0
0
0
0
0
0
0
0
0
0
0
0
0
0
0
0
0
0
0
0
0
0
0
0
0
0
0
5
2
1
0
0
0
0
0
0
0
0
0
0
0
1
0
0
0
0
1
0
0
2
1
0
0
0
0
0
0
0
0
0
4
5
6
15
8
2
2
4
4
1
6
0
5
5
5
9
15
17
23
10
9
5
14
14
26
23
7
7
18
6
5
12
31
37
29
13
10
19
9
9
14
16
13
12
10
16
9
10
15
10
13
10
7
10
10
9
11
6
7
7
10
0
10
12
10
0
0
0
