1
0
0
0
0
3
1
1
0
0
0
0
2
5
4
4
11
2
3
6
3
8
2
0
1
1
8
0
0
12
10
2
0
4
5
2
10
1
0
7
6
7
6
6
2
0
0
1
2
11
2
0
3
3
7
13
7
5
6
6
2
12
31
11
9
17
13
8
8
18
49
14
20
12
47
23
29
48
70
19
40
44
0
0
13
17
11
8
27
8
20
15
14
13
0
3
2
1
14
3
12
6
0
0
5
0
6
19
3
6
0
7
0
7
3
5
0
4
5
9
0
0
0
0
0
0
1
0
0
0
0
0
0
0
0
0
0
0
21
12
34
1
20
33
36
33
30
25
1
18
0
0
4
4
2
21
0
0
0
0
0
0
0
0
0
0
0
5
0
0
0
0
0
0
1
0
0
0
0
0
0
0
0
1
0
0
0
0
0
1
0
0
0
0
0
0
0
0
0
0
0
0
0
2
0
0
0
0
0
0
0
0
0
0
0
0
0
0
0
0
0
0
0
0
0
0
0
0
0
0
0
0
0
0
0
0
0
0
0
0
0
0
0
0
0
0
0
0
0
0
