0
0
0
0
0
0
0
0
0
0
0
0
0
0
0
0
0
0
0
0
0
0
0
0
0
0
0
0
0
0
0
0
0
0
0
0
0
0
0
0
0
0
0
0
0
0
0
0
0
0
0
0
0
0
0
0
0
0
0
0
0
0
0
0
0
0
0
0
0
0
0
0
0
0
0
0
0
0
0
0
0
0
0
0
0
0
0
0
0
0
0
0
0
0
0
0
0
0
0
0
0
0
0
0
0
0
0
0
0
0
0
0
0
0
0
0
0
0
0
0
0
0
0
0
0
0
0
0
0
0
0
0
0
0
0
0
0
0
0
0
0
0
0
0
0
0
0
0
0
0
0
0
0
0
0
0
0
0
0
0
0
0
0
0
0
0
0
0
0
0
0
0
0
0
0
0
0
0
0
0
0
10.9362366072
5.01609602692
6.00001884403
12.4175467557
6.75404485761
7.90715798662
11.2374102547
9.28464125857
9.68214094385
10.4643773055
12.4725551187
12.258595931
7.58080901342
4.74517740458
6.15980853031
10.8357483764
7.00273389885
6.35443327452
7.85622368998
8.35154651703
7.63325025988
7.37406640282
5.87958524295
5.54234204856
3.8679491276
5.43758584069
4.39023754354
6.92386875192
6.98178967795
5.48080120055
7.03443152959
7.51201863147
6.60627471851
10.7996147761
11.0960525573
12.2904677667
8.71976121788
8.4408584419
9.16455866291
8.22251093665
8.88745070953
6.21290662844
6.49730494425
5.94452838572
4.63503784803
6.13383647782
4.92108902663
5.10800575244
4.26598819643
6.24374715634
5.67514578623
6.49975277657
6.38306833226
6.79227478518
5.75657984406
5.93833775658
5.53843276263
5.22181558244
4.7894500475
5.49275604592
4.94857058191
4.62407444762
0
7.99977156372
4.45546949523
4.67647091954
0
0
0
