0
0
0
0
0
0
0
0
0
0
0
0
0
0
0
0
0
0
0
0
0
0
0
0
0
0
0
0
0
0
0
0
0
0
0
0
0
0
0
0
0
0
0
0
0
0
0
0
0
0
0
0
0
0
0
0
0
0
0
0
0
0
0
0
0
0
0
0
0
0
0
0
0
0
0
0
0
0
1
0
0
0
0
0
0
0
0
0
0
0
0
0
0
0
0
0
0
0
0
0
0
0
0
0
0
0
1
0
0
0
0
0
0
0
0
0
0
0
0
0
0
0
0
1
0
0
0
0
0
0
1
0
0
0
0
0
0
0
0
0
0
0
0
0
0
0
0
0
0
0
0
0
0
0
0
0
0
0
0
0
0
0
0
1
10
17
10
5
1
8
12
21
78
77
57
68
82
45
45
45
70
118
74
87
166
121
146
213
212
245
293
385
443
339
238
290
476
365
345
419
462
451
453
384
365
267
341
281
401
415
346
424
459
424
658
747
908
758
775
868
833
922
706
726
670
531
647
528
527
438
579
533
591
587
624
548
558
520
487
442
481
431
393
14
510
321
323
0
0
0
