0
0
0
0
0
0
0
0
0
0
0
0
0
0
0
0
0
0
0
0
0
0
0
0
0
0
0
0
0
0
0
0
0
0
0
0
0
0
0
0
0
0
0
0
0
0
0
0
0
0
0
0
0
0
0
0
0
0
0
0
0
0
1
1
6
0
1
1
0
0
0
0
0
0
0
0
0
0
0
0
0
0
0
1
0
0
0
0
0
0
0
1
0
0
0
0
0
0
1
0
0
0
0
0
0
0
0
0
0
0
0
0
0
0
0
0
0
0
0
0
1
0
0
0
0
0
1
1
0
0
0
0
1
3
0
1
0
0
1
0
0
0
0
6
3
2
1
5
1
0
5
2
1
5
2
0
3
1
0
3
7
4
4
0
3
12
2
18
4
0
16
14
23
36
9
8
18
18
0
8
14
10
3
3
5
4
5
4
2
12
13
9
8
4
10
6
3
9
12
17
8
20
19
14
10
7
14
18
7
22
15
17
6
9
13
21
9
16
7
11
7
2
7
15
8
11
13
23
31
8
6
19
9
4
6
4
9
11
11
8
11
7
1
1
16
10
5
0
0
0
