0
0
0
0
0
0
0
0
0
0
0
0
0
0
0
0
0
0
0
0
0
0
0
0
0
0
0
0
0
0
0
0
0
0
0
0
0
0
0
0
0
0
0
0
0
0
0
0
0
0
0
0
0
0
0
0
0
0
0
0
0
0
0
0
0
0
0
0
0
0
0
0
0
0
0
55
213
96
29
47
0
0
0
0
18
41
0
0
20
32
6
9
1
1
2
1
1
1
0
2
0
0
0
0
0
0
0
0
0
3
2
9
0
0
50
0
0
0
0
0
0
87
0
1
0
0
5
15
0
0
1
13
0
0
5
1
0
6
1
3
0
4
0
0
2
0
5
1
0
0
0
0
0
0
0
0
20
0
0
0
0
20
12
25
11
0
0
0
0
0
7
32
93
110
121
0
0
0
0
0
0
0
0
0
0
3
0
0
0
0
4
0
0
0
0
0
0
0
0
0
0
0
0
0
0
0
0
0
0
0
0
0
0
0
0
0
0
0
0
0
0
0
0
0
0
0
0
0
0
0
0
0
0
0
0
0
0
0
0
0
0
0
0
0
0
0
0
0
0
0
