0
0
0
1
0
0
0
0
1
0
0
2
15
1
1
1
0
0
1
0
2
0
0
0
0
0
0
2
0
0
0
0
0
2
0
0
0
3
0
0
0
1
0
0
1
0
0
0
1
5
0
0
2
0
0
0
1
0
0
0
0
0
0
3
1
1
5
8
4
5
7
7
5
5
7
1
1
0
0
1
1
0
0
0
0
0
0
0
0
0
0
1
1
0
0
0
1
0
0
0
0
0
0
0
0
3
0
0
0
0
0
0
0
0
0
0
0
0
0
0
2
0
0
0
0
0
0
0
0
0
0
0
0
0
1
0
1
0
0
0
0
0
0
0
0
2
1
0
1
0
0
0
0
4
1
4
4
1
3
9
8
10
14
12
10
7
9
4
6
1
2
2
0
0
1
3
5
3
9
1
3
5
1
8
7
2
4
18
5
8
5
2
17
18
17
27
37
17
37
18
18
24
16
14
15
19
21
9
10
30
29
22
20
15
25
21
17
26
17
19
16
16
28
16
16
19
11
13
12
9
9
16
12
8
4
9
7
14
12
13
11
16
12
10
10
6
3
0
0
0
