0
0
0
0
0
0
0
0
0
0
0
0
0
0
0
0
0
0
0
0
0
0
0
0
0
0
0
0
0
0
0
0
0
0
0
0
0
0
0
0
0
0
0
0
0
0
0
0
0
0
0
0
0
0
0
0
0
0
0
0
0
0
0
0
0
0
0
0
0
0
0
0
0
0
0
0
0
0
0
0
0
0
0
0
0
0
0
0
0
0
0
0
0
0
0
0
0
0
0
0
0
0
0
0
0
0
0
0
0
0
0
0
0
0
0
0
0
0
0
0
0
0
0
0
0
1
10
25
12
12
7
1
30
46
19
47
21
4
32
37
41
33
34
0
28
46
15
13
35
10
14
35
10
18
33
20
9
5
13
0
22
16
9
38
25
18
23
27
9
21
11
9
10
31
0
21
0
8
20
0
12
1
5
1
14
15
16
12
0
8
4
0
0
10
17
0
6
18
23
1
1
21
3
8
1
0
0
0
0
0
0
0
0
0
0
0
0
0
0
0
0
0
0
0
0
0
0
0
0
0
0
0
0
0
0
0
0
0
0
0
0
0
0
0
0
0
0
0
0
0
