0
0
0
0
0
0
0
0
0
0
0
0
0
0
0
0
0
0
0
0
0
0
0
0
0
0
0
0
0
0
0
0
0
0
0
0
0
0
0
0
0
0
1
0
0
0
0
0
0
0
0
0
1
0
0
0
0
0
1
1
0
0
1
0
0
0
0
0
0
0
0
0
0
0
0
0
0
0
0
0
0
0
0
0
0
0
0
9
5
3
13
6
17
0
0
17
2
0
22
2
4
10
21
0
0
0
0
47
50
0
0
62
14
2
30
0
0
6
0
51
0
46
40
0
25
0
14
3
4
4
6
6
0
9
0
16
0
4
3
5
4
0
9
9
2
8
7
3
3
9
5
7
4
5
10
1
10
8
5
5
7
6
3
6
9
7
2
6
4
1
8
9
10
9
7
12
14
6
2
11
7
1
0
0
0
0
0
0
1
0
0
3
2
5
14
8
4
1
3
1
2
2
5
7
4
6
7
5
6
3
1
3
3
2
1
2
7
17
2
12
21
24
4
3
13
19
3
12
16
19
19
2
0
5
6
3
1
4
6
8
3
2
8
3
4
12
4
0
0
0
