2
0
0
0
0
0
0
0
0
0
0
0
0
0
3
2
1
13
9
0
2
3
4
1
1
3
4
1
1
0
2
9
4
4
7
2
4
1
0
23
0
2
0
0
5
2
0
0
6
0
2
0
0
0
8
0
0
5
2
3
2
0
1
0
3
0
0
0
0
0
0
1
2
1
2
0
1
0
0
0
0
0
0
0
50
50
11
0
74
75
10
33
11
4
21
4
10
6
11
6
15
12
9
0
2
22
24
40
10
58
20
12
42
14
8
14
12
92
14
16
6
0
0
2
2
2
24
54
32
14
2
4
0
4
2
2
0
0
0
2
0
0
0
0
0
0
0
0
0
0
0
0
0
0
0
0
0
0
0
0
0
0
0
0
0
0
0
0
0
0
0
0
0
0
0
0
0
0
0
0
0
0
0
0
0
0
0
0
0
0
0
3
3
0
3
0
0
0
0
0
0
0
6
0
0
0
0
0
0
0
3
1
0
0
0
4
0
0
0
0
0
0
0
0
0
0
0
0
0
0
0
0
0
0
0
0
0
0
0
0
0
0
0
0
0
0
0
0
0
0
