0
0
0
0
0
0
0
0
0
0
0
0
0
0
0
0
0
0
0
0
0
0
0
0
0
0
0
0
0
0
0
0
0
0
0
0
0
0
0
0
0
0
0
0
0
0
0
0
0
0
0
0
0
0
0
0
0
0
0
0
0
0
0
0
0
0
0
0
0
0
0
0
0
0
0
0
0
0
0
0
0
0
0
0
0
0
0
0
0
0
0
0
0
0
0
284
229
56
0
0
223
0
0
0
0
1
0
0
0
0
0
0
0
0
2
0
0
0
0
0
0
0
0
0
0
0
0
0
0
0
0
0
0
0
0
0
0
0
0
0
0
0
0
0
0
0
0
0
0
0
0
0
0
0
0
0
0
0
0
0
0
0
0
0
0
0
1
1
5
4
8
12
17
9
11
7
0
2
7
1
5
4
10
12
0
0
6
6
0
0
0
0
0
3
3
3
3
12
0
0
5
11
2
0
16
0
2
0
0
1
1
1
0
1
1
0
2
1
0
0
0
0
0
1
0
0
0
0
0
0
1
1
0
1
2
0
3
5
4
2
0
7
1
3
28
24
18
0
0
0
