2
0
0
1
2
0
0
1
3
2
0
0
0
0
0
0
2
2
0
1
0
1
0
0
2
1
3
2
0
0
0
2
0
3
1
3
1
0
2
0
0
1
3
0
2
1
3
3
1
1
3
1
2
1
1
0
4
0
1
0
5
2
2
0
2
6
0
3
6
11
4
1
0
1
4
0
2
1
5
2
1
1
1
1
1
3
2
6
1
6
3
1
4
5
3
1
4
1
9
1
6
0
5
2
1
5
3
3
1
6
2
1
5
4
1
3
4
0
2
1
6
5
8
8
8
4
8
18
10
4
5
2
1
2
2
4
3
3
5
7
3
6
4
14
8
10
11
2
4
7
14
13
14
9
12
3
10
7
5
12
5
9
7
7
16
12
7
8
13
10
10
7
5
10
5
6
4
5
5
9
14
11
7
3
6
9
7
7
10
5
11
1
11
5
27
3
8
14
15
14
12
9
7
4
16
10
13
3
7
4
2
0
4
5
0
10
4
3
3
2
2
2
2
1
2
3
2
1
1
3
0
0
1
0
1
1
1
1
1
1
0
0
0
0
1
4
0
0
0
0
