0
0
0
0
0
0
0
0
0
0
0
0
0
0
0
0
0
0
0
0
0
0
0
0
0
0
0
0
0
0
0
0
0
0
0
0
0
0
0
0
0
0
0
0
0
0
0
0
0
0
0
0
0
0
0
0
0
0
0
0
0
0
0
0
0
0
0
0
0
0
0
0
0
0
0
0
0
0
0
0
0
0
0
0
0
0
0
0
0
0
0
0
0
0
0
0
0
0
0
0
0
0
0
0
0
0
0
4
5
13
8
2
3
8
1
8
5
2
0
4
0
2
0
0
0
0
6
8
4
3
1
9
8
2
3
9
7
6
9
17
13
6
23
23
11
9
3
1
3
8
16
7
21
14
12
4
1
6
14
8
6
11
6
7
4
10
9
13
8
17
11
9
25
10
17
13
12
3
1
5
17
7
16
18
15
6
13
6
16
11
7
4
3
3
4
4
10
8
9
4
28
9
14
14
3
5
2
11
6
3
8
11
5
6
10
13
1
8
11
5
6
13
23
4
9
3
2
10
8
4
0
8
1
9
11
7
2
12
1
14
9
16
8
0
9
9
10
0
0
0
