0
0
0
0
0
0
0
0
0
0
0
0
0
0
0
0
0
0
0
0
0
0
0
0
0
0
0
0
0
0
0
0
0
0
0
0
0
0
0
0
0
0
0
0
0
0
0
0
0
0
0
0
0
0
0
0
0
0
0
0
0
0
0
0
0
0
0
0
0
0
0
0
0
0
0
0
0
0
0
0
0
0
0
0
0
0
0
0
0
0
0
0
0
0
0
0
0
0
0
0
0
0
0
0
0
0
0
0
0
0
0
0
0
0
0
0
0
0
0
0
0
0
0
0
0
0
0
0
0
0
0
0
0
0
0
0
6.38327484008
6.6515680935
7.25278229709
6.21714850715
6.88236832286
8.15010825164
8.05189336199
7.78440997168
5.77946460584
6.00769634851
5.74947624145
5.74210617398
8.41668251513
5.98635456039
6.58556779311
6.70380152338
6.46945842682
8.23248080332
7.58890492376
5.78733171681
5.66152405805
5.23086610784
5.03547876864
4.95030822628
4.72797875188
4.76638804826
5.846542051
5.8162805158
6.14357071529
9.50098243943
6.42228819378
4.05598237467
4.66432279718
5.43947887632
4.99634865959
6.45257753623
5.22109126262
2.25792775779
2.81700222481
3.24753018182
3.17692313744
3.21016412089
3.618975108
3.92840051676
4.17454067959
3.96256823029
3.6101656458
4.46185846224
4.55278961491
3.66980931338
4.15567426373
4.1073406758
5.94636406266
5.58530121016
5.89968352089
5.9659861609
4.83276761336
7.70650492732
3.87965626041
4.22659838947
3.84713494274
4.02050066181
4.12555243995
4.93340878272
4.55160836329
5.03176517129
4.91290382253
5.50829210958
5.2306527653
3.3959295006
6.10778261194
4.50201045403
4.71015226503
5.4658234329
6.15295596764
5.51763893915
6.36176347095
6.7052956352
6.66806097553
4.82317340047
5.15782254587
4.18498920184
6.12717561037
7.36789151969
7.09893214254
6.46811607038
5.58319953244
6.70047932399
4.80141332386
4.03768766609
3.68223304143
4.33725970455
3.6307972149
4.60027145324
5.55026776118
5.44995058155
6.61036969687
3.96739856447
5.67083286146
5.35339075194
5.3621355724
5.1894982555
6.52428038407
5.82852927093
5.82922638566
5.2409442195
6.23814717046
0
6.19046455309
7.07952579452
5.76125076353
0
0
0
