0
0
0
0
0
0
0
0
0
0
0
0
0
0
0
0
0
0
0
0
0
0
0
0
0
0
2
2
1
1
0
0
0
0
0
1
0
0
0
0
0
0
0
0
0
0
0
1
6
1
0
0
0
0
0
0
0
0
1
0
0
0
2
0
0
0
0
0
0
0
0
1
0
0
0
1
0
0
0
2
9
8
4
4
4
10
1
6
17
15
14
10
15
13
16
51
25
20
51
45
55
56
47
37
33
27
25
26
28
29
25
19
19
16
32
26
48
38
37
43
51
44
49
48
52
52
53
53
45
40
41
39
49
50
45
82
77
85
98
94
108
133
145
154
130
138
137
140
197
161
179
189
191
242
243
205
204
193
187
183
175
174
204
206
218
322
254
177
193
216
202
249
214
106
117
123
114
109
115
119
122
115
104
120
122
102
109
106
142
139
148
153
131
192
116
121
110
111
111
126
118
127
125
138
134
95
149
120
124
140
157
148
169
183
189
150
158
133
179
215
220
213
194
228
178
152
137
151
128
150
173
172
204
138
180
174
176
173
211
199
202
187
216
30
190
218
192
0
0
0
