0
0
0
0
0
0
0
0
0
0
0
0
0
0
0
0
0
0
0
0
0
0
0
0
0
0
0
0
0
0
0
0
0
0
0
0
0
0
0
0
0
0
0
0
0
0
0
0
0
0
0
0
0
0
0
0
0
0
0
0
0
0
0
0
0
0
0
0
0
0
0
0
0
0
0
0
0
0
0
0
0
0
0
0
0
0
0
0
0
0
0
0
0
0
0
0
0
0
0
0
0
0
0
0
0
0
0
0
0
0
0
0
0
0
0
0
0
0
0
0
0
0
0
1
0
0
0
0
0
0
0
0
0
0
0
0
0
20
0
0
0
0
0
0
0
0
0
0
0
0
1
0
0
0
0
0
0
40
0
18
12
16
13
5
2
7
3
0
0
6
7
0
14
10
0
4
0
6
0
6
0
30
12
0
0
9
12
0
0
12
0
0
0
24
6
21
53
74
0
59
0
45
0
0
0
0
47
0
0
0
2
126
43
0
2
0
10
0
65
0
39
0
1
103
0
0
0
0
0
0
0
1
0
0
12
9
1
1
0
0
0
0
0
0
43
0
0
0
0
0
