0
0
0
0
0
0
0
0
0
0
0
0
0
0
0
1
1
0
1
0
0
0
0
0
0
0
0
1
2
2
0
0
1
1
0
0
0
0
1
0
1
1
1
0
0
0
2
0
0
0
0
0
1
0
0
0
0
0
0
0
1
3
1
1
5
1
0
1
0
0
0
0
0
0
1
1
0
0
1
0
0
1
0
1
0
0
0
0
0
0
0
0
0
0
0
0
0
0
0
0
0
0
0
0
0
0
0
0
0
0
0
0
0
0
0
0
0
0
0
0
0
0
0
0
0
0
0
0
0
0
0
0
0
0
0
1
0
0
0
0
0
0
0
0
0
4
0
0
1
0
0
0
0
0
0
0
0
0
0
0
0
0
0
0
0
0
0
0
0
0
0
0
0
0
0
0
0
1
0
0
0
0
0
0
0
0
0
0
0
10
62
35
40
3
0
32
19
3
0
91
26
1
3
32
43
0
35
7
9
0
12
0
8
73
9
0
1
28
14
0
0
43
47
23
0
0
20
0
0
18
62
1
0
0
0
45
0
32
14
0
21
33
0
0
0
0
0
0
0
0
