0
0
0
0
0
0
0
0
0
0
0
0
0
0
0
0
0
0
0
0
3.66278508203
4.44127613098
4.17166616978
7.26543913414
8.51348671359
5.71648834754
3.0776253369
4.57728784579
3.34649532809
4.62030005515
4.61756870671
4.06011616825
5.96228754004
4.63712033796
4.03114124245
4.26573253109
4.87629106226
3.19780246178
5.06178396027
6.66966048993
6.62282134173
4.67037381483
5.06221141786
7.38960868741
4.42062241959
4.91924059555
4.45346353159
3.80963451277
6.30915565755
5.16826970154
3.50167223417
2.15905014394
2.83378692703
3.2360812773
5.45284069842
6.26549976132
16.3839590107
9.98363180167
9.03051233262
4.53966708537
3.861884524
8.282735641
7.49913726579
7.09479404861
6.23775563178
6.57440948396
8.38182438504
6.58618626432
10.3080450153
6.62088096329
10.2170172241
7.70979958476
10.3768818552
5.49020673129
21.4197802911
30.2215331574
26.9299412159
8.32661547598
6.00515505525
7.41047183165
11.0632350299
11.858059263
5.02075028889
5.8891173234
7.38974083977
8.34624280117
8.01601736993
6.46337504292
9.60890902101
6.2432146333
10.0240234852
7.56264588125
6.04675110323
8.30603309843
6.51384178756
21.4320618493
8.41221386106
6.67038695676
7.29995270823
7.63812539941
12.6527236679
8.83688680734
8.3871544253
7.12980558327
10.3452719121
12.8996224209
15.1152903321
18.3301185017
14.5585175074
14.4725610122
8.96987969719
7.64160074581
8.14174352692
10.5652734182
11.1906789735
7.54851050296
7.97586957558
14.8147928485
30.1618756204
14.7234309501
16.2381437461
19.0514561292
16.3917742282
6.34193358429
4.59442772855
10.0657591108
9.32782013057
10.7152628755
8.07836437084
10.1816255387
10.6792125421
13.6639764956
13.8873134464
5.86281235652
6.87341721574
12.7669318626
6.22634628737
6.4541146072
10.0061460665
10.1596106592
7.2999683061
11.9059023582
15.8712902224
12.6056336293
10.1272505431
11.2472996873
7.7962654128
7.09716472897
7.30076090517
4.5728535204
3.81147806844
5.01479594795
5.05553421342
5.09360655802
6.13095088502
6.7389037721
7.88641822768
8.53382750882
7.69279900855
7.76143979825
8.5328699569
8.32227074012
8.655113838
8.7531371698
8.42942458997
11.6367601775
7.99337202763
8.94074149084
9.14598041157
10.2937807257
10.7997434399
10.5805438302
9.31434732181
9.42084570901
8.37981824527
8.84777358804
7.5896057915
10.9053495531
11.7218656556
10.5445080626
10.6310291854
9.74317599605
12.0572969615
10.7821917644
9.73597252091
9.58973101687
10.4181722488
10.8610207744
10.8762304813
11.4456022767
9.81330601545
11.8290432229
10.0321412821
9.66215155578
8.31022469593
9.68053364359
10.415168025
10.1812272337
8.97637147208
9.85472567821
9.67180037827
9.60784819254
9.69937562441
9.04040569202
9.24182459755
6.67234834074
11.832277088
9.20926906646
8.0440519527
9.39198118891
9.47378897085
9.90572471471
10.110822345
9.40238295275
10.3941837505
10.0999393517
9.35351022693
11.1612488665
10.4026819796
10.0058458542
10.7527279363
10.6780459545
10.5253480514
10.3994771035
9.23753823213
10.3584902348
8.93768791394
9.21801175058
9.28955032766
8.08103912532
10.4015750029
8.30766306701
9.88577233138
9.13668677656
11.087883811
11.6225396913
10.6168684748
11.9615233019
11.7602999987
11.0436305393
12.5339938523
12.172736953
12.4651011997
1.2032648975
12.8761783264
13.4957844314
10.6668465629
0
0
0
