23
78
72
79
67
81
62
156
122
127
129
111
113
156
121
110
80
114
100
73
83
95
90
141
172
136
84
112
86
108
108
97
131
110
97
99
109
78
109
139
146
115
123
170
118
127
117
102
151
133
97
63
73
77
113
130
305
257
266
163
140
257
255
257
240
256
323
279
418
316
469
407
549
350
1128
2021
2678
1308
1007
1183
1696
1943
995
1093
1301
1448
1416
1177
1648
1187
1775
1462
1211
1578
1315
3733
2037
1675
1786
1852
2910
2307
2245
1977
2724
3483
4347
5835
5611
6204
4479
3915
4094
5160
5652
4169
4285
7379
15466
10847
12965
16743
16934
7998
5709
10683
10137
11526
9115
10901
11503
14656
15836
7770
8516
14441
8012
7921
11271
11546
8697
13062
17493
15490
13413
15007
11049
9918
9815
6235
4882
5690
5298
4899
5399
5617
6185
6594
6050
6023
6514
6445
6661
6686
6435
8511
6296
6820
6929
7697
8222
8334
7635
7766
7056
7351
6387
8664
9551
9083
9384
8896
10901
10338
9690
9671
10487
11140
11451
12300
11071
13203
11825
11540
10118
11436
12305
12289
11111
12005
11889
11884
12028
11341
11514
8588
13803
11443
10103
11386
11476
11980
12294
11646
12765
12662
11983
14012
13506
13261
14273
14465
14533
14589
13286
14656
13016
13238
13250
11648
14309
11840
13590
12731
15094
16163
15381
17461
17838
17420
20000
20312
21544
2738
19812
21675
18471
0
1
0
