0
0
0
0
0
0
0
0
0
0
0
0
0
0
0
0
0
0
0
0
0
0
0
0
0
0
0
0
0
0
0
0
0
0
0
0
0
0
0
0
0
0
0
0
0
0
0
0
0
0
0
0
0
0
0
0
0
0
0
0
0
0
0
0
0
0
0
0
0
0
0
0
0
0
0
0
0
0
0
0
0
0
0
0
0
0
0
0
0
0
0
2.73715580775
2.8413724883
9.69493654059
0
60.8628326306
4.34039046083
8.40117419292
1.79102985115
0
2.25190275412
0
3.38873025525
0
19.591782963
2.45713422952
10.1320808671
2.08639524595
14.8967779023
7.69151894026
8.82707299244
6.06782307618
3.14048272594
3.5411865781
9.6199418516
1.49317706598
11.875930829
3.69555958109
9.90964831061
4.83077048435
6.34328561502
13.8530500212
8.87635513481
6.32324632579
3.76237528293
2.04919656731
12.363202246
3.33371459085
4.49253985514
6.1170324056
4.31153437847
5.394582865
0
0
0
5.32284123066
2.5230276971
4.05233284013
1.25112562422
2.47369740795
2.57099369961
0
0
0
0
3.43451559796
2.71833384546
3.81469562287
7.32877956484
3.33500586322
0
0
0
0
0
0
0
0
8.12116203425
0
3.33928798133
0
0
5.97707285419
11.7810246605
13.6886258544
4.64823137865
3.98713274343
3.61337478539
2.49815006825
4.25874168175
3.27272790869
5.61060353189
5.48483318988
5.26983802305
5.45555229847
5.03821778644
4.26189311968
2.62803684504
5.21062437123
0
0
3.06053014204
4.61367653742
3.19169498809
3.41728907761
8.50845373541
2.86834106354
0
3.33214180511
0
3.51212815228
0
0
3.90859725347
0
4.68603071163
3.9552380531
4.45082870458
4.05722134167
0
0
0
5.84148963035
6.28292283145
0
4.23725353094
4.69306675901
6.10907382155
3.94961754074
5.16156713787
4.1488671728
4.6953142721
6.68627566881
5.10281262328
5.20354313195
3.6945856931
3.58426247066
0
5.7161449061
5.13841785674
3.79291367589
3.30060335984
4.73870164834
5.28194943106
6.98128426862
5.24407117983
4.63197817088
4.0200439336
6.36183394818
3.88906725489
3.19496487015
3.5173034058
2.44161343708
0
5.83131126337
4.59605929023
0
10.432963573
0
8.92614550162
4.95891424622
4.97680428212
0
10.9176322344
0
5.59448609635
0
0
0
