0
0
0
0
0
0
0
0
0
0
0
0
0
0
0
0
0
0
0
0
0
0
0
0
0
0
0
0
0
0
0
0
0
0
0
0
0
0
0
0
0
0
0
0
0
0
0
0
0
0
0
0
0
0
0
0
0
0
0
0
0
0
0
0
0
0
0
0
0
0
0
0
0
0
2
8
8
7
6
92
69
69
19
14
33
66
270
3
6
25
426
74
72
189
21
904
202
341
100
35
96
5
104
33
388
92
267
80
383
273
331
259
153
161
360
83
411
174
381
226
280
556
451
363
238
135
570
212
259
324
243
283
19
37
8
175
97
131
50
78
76
42
43
47
40
66
54
65
109
62
49
0
12
12
0
76
75
106
100
35
50
24
47
72
134
185
93
82
74
53
77
62
94
96
96
101
96
85
57
94
27
44
54
73
55
56
113
52
47
54
42
53
45
42
53
37
58
51
56
53
30
47
106
79
88
48
65
70
88
65
80
69
76
102
87
90
70
67
46
90
86
69
61
79
87
112
95
88
79
114
80
67
70
51
36
89
76
39
140
42
133
92
94
5
158
49
99
0
0
0
